0	0	0	0	0
0	0.0	0.0	4.0	-5
0.01	-0.001	0.0	4.0805	-5
0.02	-0.0029	0.0	3.9334	-5
0.03	-0.0058	0.0	4.111	-5
0.04	-0.0095	0.0	4.2565	-5
0.05	-0.0139	0.0001	4.0646	-5
0.06	-0.0191	0.0001	3.932	-4.4635
0.07	-0.0248	0.0002	3.9211	-3.969
0.08	-0.031	0.0003	3.9073	-3.9088
0.09	-0.0377	0.0005	3.66	-3.1667
0.1	-0.0447	0.0006	3.5914	-2.6971
0.11	-0.052	0.0009	3.5284	-2.7677
0.12	-0.0596	0.0012	3.5543	-3.0682
0.13	-0.0672	0.0015	3.3102	-2.6325
0.14	-0.075	0.0019	3.281	-2.3828
0.15	-0.0827	0.0023	3.3294	-2.8891
0.16	-0.0903	0.0028	3.0745	-2.4629
0.17	-0.0977	0.0034	3.0266	-2.1239
0.18	-0.1048	0.004	2.8372	-1.8955
0.19	-0.1116	0.0047	2.8233	-1.9305
0.2	-0.118	0.0055	2.468	-1.277
0.21	-0.1238	0.0063	2.059	0.0979
0.22	-0.1291	0.0072	1.876	0.5134
0.23	-0.1336	0.0082	1.7071	0.3391
0.24	-0.1373	0.0092	1.2727	1.0682
0.25	-0.1402	0.0102	1.161	1.2412
0.26	-0.142	0.0113	0.7477	1.6475
0.27	-0.1429	0.0124	0.6365	1.7535
0.28	-0.1425	0.0136	0.379	1.6953
0.29	-0.1409	0.0147	-0.0123	2.4573
0.3	-0.138	0.0159	-0.0886	2.3947
0.31	-0.1336	0.017	-0.2836	2.1142
0.32	-0.1276	0.0181	-0.494	2.3083
0.33	-0.12	0.0192	-0.5089	1.9545
0.34	-0.1107	0.0203	-0.6004	1.5877
0.35	-0.0995	0.0214	-0.739	1.7002
0.36	-0.0864	0.0224	-0.5687	0.992
0.37	-0.0713	0.0234	-0.589	0.4533
0.38	-0.054	0.0243	-0.5411	0.316
0.39	-0.0345	0.0253	-0.2702	-0.5903
0.4	-0.0125	0.0262	-0.232	-0.9904
0.41	0.012	0.0271	-0.0244	-1.2882
0.42	0.0392	0.028	0.1266	-1.7195
0.43	0.0691	0.0289	0.3246	-2.067
0.44	0.1018	0.0298	0.3694	-1.9901
0.45	0.1373	0.0307	0.2392	-1.1313
0.46	0.1754	0.0317	0.3068	-0.8075
0.47	0.2162	0.0327	0.4151	-1.1585
0.48	0.2596	0.0337	0.1308	-0.3169
0.49	0.3056	0.0347	-0.0211	0.6903
0.5	0.354	0.0357	-0.0955	0.8584
0.51	0.4048	0.0367	-0.3523	1.3816
0.52	0.4579	0.0377	-0.6422	2.2635
0.53	0.5132	0.0387	-0.7843	2.5331
0.54	0.5707	0.0396	-0.8745	2.302
0.55	0.6303	0.0404	-0.8676	1.8059
0.56	0.692	0.0412	-1.0081	1.755
0.57	0.7557	0.042	-1.1474	2.0737
0.58	0.8214	0.0427	-1.0615	1.6449
0.59	0.8891	0.0433	-0.9842	0.93
0.6	0.9587	0.0439	-0.6485	-0.2865
0.61	1.0302	0.0445	-0.546	-0.9675
0.62	1.1036	0.045	-0.1751	-1.7552
0.63	1.1787	0.0456	0.0059	-2.344
0.64	1.2557	0.0461	0.1522	-2.2863
0.65	1.3345	0.0466	0.1183	-1.7007
0.66	1.415	0.0472	0.2822	-1.5689
0.67	1.4973	0.0477	0.5212	-2.177
0.68	1.5812	0.0483	0.711	-2.6417
0.69	1.6668	0.0489	0.6481	-2.1414
0.7	1.7541	0.0495	0.5812	-1.2996
0.71	1.8429	0.0502	0.3164	-0.1668
0.72	1.9334	0.0509	0.1688	0.6632
0.73	2.0255	0.0516	0.0178	0.9959
0.74	2.1191	0.0523	-0.1659	1.3612
0.75	2.2143	0.053	-0.1629	1.16
0.76	2.3111	0.0536	-0.4481	1.5295
0.77	2.4094	0.0543	-0.6461	2.1815
0.78	2.5093	0.0549	-0.7002	2.0472
0.79	2.6106	0.0555	-0.6319	1.3347
0.8	2.7135	0.0561	-0.6337	0.8461
0.81	2.8178	0.0566	-0.5652	0.4839
0.82	2.9236	0.0571	-0.5408	0.2318
0.83	3.0309	0.0576	-0.3158	-0.442
0.84	3.1396	0.0581	-0.2965	-0.7205
0.85	3.2497	0.0586	-0.2319	-0.6194
0.86	3.3613	0.059	-0.0047	-1.1628
0.87	3.4743	0.0595	0.0496	-1.3868
0.88	3.5887	0.0599	0.0991	-1.1829
0.89	3.7044	0.0604	-0.0444	-0.4919
0.9	3.8216	0.0609	0.0964	-0.4865
0.91	3.9401	0.0613	0.122	-0.7629
0.92	4.0599	0.0618	0.0267	-0.3461
0.93	4.1811	0.0623	-0.0108	0.0103
0.94	4.3037	0.0627	-0.0757	0.2061
0.95	4.4276	0.0632	-0.0019	-0.0115
0.96	4.5528	0.0637	-0.1899	0.3362
0.97	4.6794	0.0641	-0.3867	1.1708
0.98	4.8072	0.0646	-0.238	0.7323
0.99	4.9364	0.065	-0.1323	-0.1519
1.0	5.0668	0.0654	-0.1485	-0.2733
1.01	5.1986	0.0658	-0.1581	-0.1154
1.02	5.3316	0.0662	-0.2645	0.2608
1.03	5.4658	0.0666	-0.2511	0.3639
1.04	5.6014	0.067	-0.2018	0.0735
1.05	5.7381	0.0674	-0.1428	-0.2212
1.06	5.8761	0.0678	-0.2069	-0.0716
1.07	6.0154	0.0682	-0.0522	-0.3658
1.08	6.1559	0.0685	-0.2451	0.0004
1.09	6.2975	0.0689	-0.4521	1.0357
1.1	6.4405	0.0692	-0.4888	1.2584
1.11	6.5846	0.0695	-0.6975	1.5829
1.12	6.7299	0.0698	-0.7867	1.8481
1.13	6.8764	0.0701	-0.8734	1.7979
1.14	7.0241	0.0703	-0.8209	1.3815
1.15	7.173	0.0705	-0.6772	0.56
1.16	7.323	0.0706	-0.6502	0.1781
1.17	7.4742	0.0708	-0.4378	-0.384
1.18	7.6266	0.0709	-0.1515	-1.3985
1.19	7.7802	0.071	0.0719	-2.0812
1.2	7.9349	0.0711	-0.0178	-1.5156
1.21	8.0907	0.0712	-0.006	-0.8185
1.22	8.2476	0.0713	0.0163	-0.6396
1.23	8.4057	0.0715	0.16	-0.9261
1.24	8.565	0.0716	0.2298	-1.1772
1.25	8.7253	0.0717	0.277	-1.1411
1.26	8.8868	0.0718	0.4017	-1.3259
1.27	9.0493	0.072	0.4271	-1.3447
1.28	9.213	0.0722	0.545	-1.4461
1.29	9.3778	0.0724	0.5195	-1.3098
1.3	9.5437	0.0726	0.3378	-0.4631
1.31	9.7106	0.0728	0.2849	0.0435
1.32	9.8787	0.073	0.0956	0.5197
1.33	10.0478	0.0733	0.0453	0.7373
1.34	10.218	0.0735	-0.1587	1.071
1.35	10.3893	0.0738	-0.1128	0.9114
1.36	10.5617	0.074	-0.3025	1.0044
1.37	10.7351	0.0742	-0.5559	1.7991
1.38	10.9096	0.0744	-0.6632	2.0679
1.39	11.0852	0.0746	-0.7403	1.8909
1.4	11.2618	0.0748	-0.7393	1.5223
1.41	11.4394	0.0749	-0.8941	1.6128
1.42	11.6181	0.0749	-0.9884	1.861
1.43	11.7978	0.075	-0.8208	1.1427
1.44	11.9786	0.075	-0.6502	0.1129
1.45	12.1604	0.075	-0.3777	-0.8842
1.46	12.3434	0.0749	-0.1462	-1.6726
1.47	12.5275	0.0749	0.0765	-2.1301
1.48	12.7129	0.0749	0.0345	-1.6825
1.49	12.8993	0.0748	-0.081	-0.6472
1.5	13.0869	0.0748	0.1564	-0.8912
1.51	13.2755	0.0748	0.3605	-1.7391
1.52	13.4652	0.0747	0.469	-1.9773
1.53	13.6559	0.0748	0.3434	-1.2713
1.54	13.8477	0.0748	0.4213	-0.9398
1.55	14.0405	0.0748	0.5321	-1.2785
1.56	14.2343	0.0749	0.455	-1.0295
1.57	14.4291	0.0749	0.4135	-0.5808
1.58	14.6249	0.075	0.4324	-0.5476
1.59	14.8217	0.0751	0.3665	-0.4025
1.6	15.0196	0.0752	0.1459	0.344
1.61	15.2184	0.0754	0.1573	0.4937
1.62	15.4182	0.0755	-0.0438	0.7523
1.63	15.6191	0.0756	-0.2647	1.4729
1.64	15.8209	0.0757	-0.2613	1.3614
1.65	16.0237	0.0759	-0.2144	0.7144
1.66	16.2275	0.076	-0.3019	0.624
1.67	16.4323	0.076	-0.251	0.459
1.68	16.6381	0.0761	-0.379	0.5997
1.69	16.8448	0.0762	-0.2984	0.4681
1.7	17.0525	0.0762	-0.2854	0.1428
1.71	17.2612	0.0763	-0.3305	0.2526
1.72	17.4708	0.0763	-0.4342	0.629
1.73	17.6814	0.0763	-0.2815	0.2452
1.74	17.8929	0.0763	-0.1972	-0.3536
1.75	18.1054	0.0763	-0.1759	-0.4207
1.76	18.3188	0.0763	-0.359	0.2702
1.77	18.5332	0.0763	-0.5164	1.0903
1.78	18.7485	0.0762	-0.3744	0.6972
1.79	18.9648	0.0761	-0.3402	0.1293
1.8	19.1819	0.0761	-0.405	0.288
1.81	19.4	0.076	-0.2813	0.0424
1.82	19.619	0.0759	-0.1534	-0.544
1.83	19.8389	0.0757	-0.216	-0.384
1.84	20.0597	0.0756	-0.2338	-0.0157
1.85	20.2815	0.0755	-0.193	-0.0526
1.86	20.5041	0.0754	-0.3466	0.375
1.87	20.7276	0.0752	-0.1948	0.1666
1.88	20.952	0.075	-0.2087	-0.1327
1.89	21.1773	0.0749	-0.2649	0.1519
1.9	21.4034	0.0747	-0.3869	0.6275
1.91	21.6304	0.0745	-0.2384	0.2826
1.92	21.8583	0.0743	-0.1094	-0.4659
1.93	22.0871	0.0741	-0.2169	-0.2183
1.94	22.3167	0.0739	-0.3605	0.5551
1.95	22.5471	0.0736	-0.5238	1.2088
1.96	22.7784	0.0734	-0.66	1.6257
1.97	23.0106	0.0731	-0.5452	1.1244
1.98	23.2436	0.0728	-0.372	0.1012
1.99	23.4774	0.0725	-0.3733	-0.1752
2.0	23.712	0.0722	-0.4035	0.0958
2.01	23.9475	0.0718	-0.4422	0.3544
2.02	24.1838	0.0715	-0.5549	0.7649
2.03	24.4209	0.0711	-0.3961	0.3911
2.04	24.6588	0.0707	-0.2987	-0.2555
2.05	24.8976	0.0703	-0.3116	-0.2284
2.06	25.1371	0.0699	-0.3201	0.0011
2.07	25.3775	0.0694	-0.069	-0.6448
2.08	25.6186	0.069	0.0628	-1.2948
2.09	25.8606	0.0686	0.3256	-1.8923
2.1	26.1033	0.0681	0.2775	-1.6863
2.11	26.3469	0.0677	0.1577	-0.707
2.12	26.5912	0.0673	0.275	-0.6391
2.13	26.8363	0.0669	0.4445	-1.277
2.14	27.0822	0.0666	0.605	-1.8062
2.15	27.3288	0.0662	0.6398	-1.7939
2.16	27.5762	0.0659	0.5015	-1.0308
2.17	27.8244	0.0656	0.3511	-0.1357
2.18	28.0734	0.0653	0.266	0.2896
2.19	28.3231	0.065	-0.0207	1.0527
2.2	28.5736	0.0647	-0.1235	1.4774
2.21	28.8248	0.0644	-0.1653	1.2231
2.22	29.0768	0.0641	-0.2466	1.084
2.23	29.3295	0.0638	-0.1071	0.4505
2.24	29.583	0.0635	-0.0471	-0.1888
2.25	29.8372	0.0632	-0.1072	-0.0772
2.26	30.0922	0.0629	-0.0992	0.0502
2.27	30.3478	0.0626	-0.0075	-0.2638
2.28	30.6042	0.0622	0.0613	-0.5879
2.29	30.8614	0.0619	-0.0156	-0.3273
2.3	31.1192	0.0616	-0.2364	0.5832
2.31	31.3777	0.0613	-0.3772	1.2667
2.32	31.637	0.0609	-0.2941	0.9021
2.33	31.8969	0.0606	-0.2873	0.4316
2.34	32.1576	0.0602	-0.3454	0.4945
2.35	32.4189	0.0598	-0.5312	1.0689
2.36	32.681	0.0594	-0.4771	1.0248
2.37	32.9437	0.059	-0.662	1.2145
2.38	33.2071	0.0586	-0.4646	0.735
2.39	33.4712	0.0581	-0.372	-0.0817
2.4	33.7359	0.0576	-0.5034	0.2734
2.41	34.0014	0.0571	-0.5841	0.8361
2.42	34.2675	0.0566	-0.4926	0.589
2.43	34.5342	0.0561	-0.3893	0.0249
2.44	34.8016	0.0555	-0.4594	0.1421
2.45	35.0697	0.055	-0.266	-0.2024
2.46	35.3384	0.0544	0.0035	-1.2419
2.47	35.6077	0.0538	0.1599	-1.787
2.48	35.8777	0.0532	0.3476	-2.0448
2.49	36.1483	0.0527	0.5858	-2.4897
2.5	36.4196	0.0521	0.831	-2.9754
2.51	36.6915	0.0516	0.9423	-2.9788
2.52	36.964	0.0512	0.79	-1.9688
2.53	37.2371	0.0507	0.6523	-0.8194
2.54	37.5108	0.0503	0.5065	-0.0802
2.55	37.7852	0.0499	0.2131	0.88
2.56	38.0601	0.0495	0.1164	1.2791
2.57	38.3356	0.0491	0.0771	0.9915
2.58	38.6117	0.0488	-0.1829	1.3821
2.59	38.8885	0.0484	-0.1018	1.1394
2.6	39.1657	0.048	-0.0204	0.2783
2.61	39.4436	0.0476	-0.069	0.1182
2.62	39.722	0.0472	0.0305	-0.1425
2.63	40.001	0.0468	-0.1634	0.2451
2.64	40.2806	0.0464	-0.2334	0.7711
2.65	40.5607	0.046	-0.3937	1.1384
2.66	40.8414	0.0456	-0.2625	0.7298
2.67	41.1226	0.0452	-0.3799	0.595
2.68	41.4044	0.0447	-0.4302	0.858
2.69	41.6867	0.0443	-0.3467	0.501
2.7	41.9695	0.0438	-0.271	0.0096
2.71	42.2528	0.0433	-0.1826	-0.3377
2.72	42.5367	0.0428	-0.2817	-0.0442
2.73	42.8211	0.0423	-0.1053	-0.2792
2.74	43.106	0.0418	-0.1842	-0.2762
2.75	43.3914	0.0413	-0.102	-0.2152
2.76	43.6773	0.0408	0.0445	-0.7266
2.77	43.9637	0.0402	-0.0554	-0.4817
2.78	44.2506	0.0397	0.0683	-0.4725
2.79	44.5379	0.0392	0.0924	-0.6653
2.8	44.8258	0.0387	0.2098	-0.8715
2.81	45.1142	0.0382	0.2339	-0.9497
2.82	45.403	0.0377	0.3902	-1.2164
2.83	45.6923	0.0372	0.461	-1.448
2.84	45.9821	0.0367	0.5707	-1.5619
2.85	46.2724	0.0363	0.4098	-0.9413
2.86	46.5631	0.0359	0.2294	0.0949
2.87	46.8543	0.0355	0.1554	0.5086
2.88	47.146	0.035	0.1402	0.3974
2.89	47.4382	0.0346	0.0707	0.3817
2.9	47.7308	0.0342	0.0342	0.4095
2.91	48.0239	0.0338	0.0974	0.0759
2.92	48.3175	0.0334	-0.1841	0.6848
2.93	48.6115	0.033	-0.2201	1.1168
2.94	48.906	0.0326	-0.2739	0.9532
2.95	49.2009	0.0322	-0.5068	1.4498
2.96	49.4963	0.0317	-0.7741	2.3037
2.97	49.7922	0.0313	-0.7059	1.9873
2.98	50.0885	0.0308	-0.5686	0.893
2.99	50.3852	0.0302	-0.4026	-0.0423
3.0	50.6825	0.0297	-0.3532	-0.3773
3.01	50.9801	0.0292	-0.1344	-0.8728
3.02	51.2782	0.0286	-0.1247	-0.9692
3.03	51.5768	0.028	-0.1822	-0.411
3.04	51.8757	0.0275	-0.256	0.1307
3.05	52.1752	0.0269	-0.4579	0.9025
3.06	52.475	0.0263	-0.3926	0.9023
3.07	52.7753	0.0257	-0.5701	1.0706
3.08	53.0761	0.0251	-0.6611	1.47
3.09	53.3772	0.0244	-0.8108	1.7502
3.1	53.6788	0.0237	-0.7743	1.5389
3.11	53.9809	0.023	-0.7069	0.9336
3.12	54.2833	0.0223	-0.6989	0.6606
3.13	54.5862	0.0215	-0.423	-0.1901
3.14	54.8895	0.0207	-0.3759	-0.6601
3.15	55.1932	0.0199	-0.4443	-0.1565
3.16	55.4974	0.0191	-0.3536	-0.0724
3.17	55.8019	0.0183	-0.44	0.1552
3.18	56.1069	0.0174	-0.2236	-0.2269
3.19	56.4123	0.0166	-0.1159	-0.8223
3.2	56.718	0.0157	0.1003	-1.3311
3.21	57.0242	0.0149	-0.0053	-0.9751
3.22	57.3308	0.014	0.2151	-1.0531
3.23	57.6377	0.0132	0.2704	-1.3456
3.24	57.9451	0.0123	0.3233	-1.2067
3.25	58.2528	0.0115	0.4329	-1.3105
3.26	58.5609	0.0107	0.5457	-1.5404
3.27	58.8694	0.0099	0.3781	-0.8897
3.28	59.1783	0.0092	0.4715	-0.6546
3.29	59.4875	0.0084	0.4267	-0.6595
3.3	59.7971	0.0077	0.5172	-0.7747
3.31	60.107	0.0069	0.3046	-0.2423
3.32	60.4174	0.0062	0.2883	0.1798
3.33	60.728	0.0055	0.2187	0.2065
3.34	61.039	0.0048	0.2681	-0.0005
3.35	61.3504	0.0042	0.2637	-0.2216
3.36	61.6621	0.0035	0.244	-0.1995
3.37	61.9742	0.0028	0.2085	-0.1005
3.38	62.2866	0.0022	0.1603	0.0426
3.39	62.5993	0.0015	0.0937	0.2279
3.4	62.9124	0.0009	-0.1732	1.0036
3.41	63.2255	0.0002	-0.2404	1.3783
3.42	63.5386	-0.0004	-0.2303	0.9992
3.43	63.851	-0.0011	-0.2899	0.8223
3.44	64.1624	-0.0017	-0.4724	1.2488
3.45	64.4724	-0.0024	-0.5923	1.637
3.46	64.781	-0.0031	-0.7061	0
3.47	65.0877	-0.0037	-0.8607	0
3.48	65.3926	-0.0044	-0.7422	0
3.49	65.6957	-0.0051	-0.8485	0
3.5	65.997	-0.0058	-0.7107	0
3.51	66.2964	-0.0064	-0.9121	0
3.52	66.5941	-0.0071	-0.7771	0
3.53	66.8899	-0.0078	-0.9002	0
3.54	67.184	-0.0084	-0.9394	0
3.55	67.4763	-0.0091	-0.9922	0
3.56	67.7669	-0.0098	-1.101	0
3.57	68.0557	-0.0105	-1.3184	0
3.58	68.3427	-0.0111	-1.4787	0
3.59	68.6281	-0.0118	-1.5783	0
3.6	68.9117	-0.0125	-1.4518	0
3.61	69.1936	-0.0131	-1.2931	0
3.62	69.4738	-0.0138	-1.4144	0
3.63	69.7523	-0.0145	-1.5731	0
3.64	70.0291	-0.0152	-1.7963	0
3.65	70.3042	-0.0158	-1.8311	0
3.66	70.5776	-0.0165	-2.0647	0
3.67	70.8494	-0.0172	-2.132	0
3.68	71.1196	-0.0178	-2.0792	0
3.69	71.3881	-0.0185	-2.2258	0
3.7	71.6549	-0.0192	-2.392	0
3.71	71.9201	-0.0199	-2.2995	0
3.72	72.1837	-0.0205	-2.1809	0
3.73	72.4457	-0.0212	-2.2033	0
3.74	72.7061	-0.0219	-2.2474	0
3.75	72.9649	-0.0225	-2.1263	0
3.76	73.2221	-0.0232	-2.0859	0
3.77	73.4777	-0.0239	-1.9469	0
3.78	73.7317	-0.0246	-1.9366	0
3.79	73.9841	-0.0252	-1.7975	0
3.8	74.235	-0.0259	-1.9792	0
3.81	74.4844	-0.0266	-2.1443	0
3.82	74.7322	-0.0272	-2.2293	0
3.83	74.9784	-0.0279	-2.3581	0
3.84	75.2231	-0.0286	-2.4946	0
3.85	75.4663	-0.0293	-2.5914	0
3.86	75.708	-0.0299	-2.4947	0
3.87	75.9481	-0.0306	-2.4177	0
3.88	76.1868	-0.0313	-2.5869	0
3.89	76.4239	-0.0319	-2.6995	0
3.9	76.6596	-0.0326	-2.8977	0
3.91	76.8938	-0.0333	-3.0168	0
3.92	77.1264	-0.0339	-3.0964	0
3.93	77.3577	-0.0346	-3.1427	0
3.94	77.5874	-0.0353	-3.124	0
3.95	77.8157	-0.036	-3.1606	0
3.96	78.0425	-0.0366	-3.0737	0
3.97	78.2679	-0.0373	-3.0802	0
3.98	78.4918	-0.038	-3.0468	0
3.99	78.7143	-0.0386	-2.9105	0
4.0	78.9353	-0.0393	-3.0448	0
4.01	79.155	-0.04	-2.9531	0
4.02	79.3732	-0.0407	-3.0684	0
4.03	79.59	-0.0413	-3.2694	0
4.04	79.8053	-0.042	-3.248	0
4.05	80.0193	-0.0427	-3.4831	0
4.06	80.2319	-0.0433	-3.5457	0
4.07	80.4431	-0.044	-3.3976	0
4.08	80.6529	-0.0447	-3.3803	0
4.09	80.8613	-0.0454	-3.3974	0
4.1	81.0683	-0.046	-3.2478	0
4.11	81.274	-0.0467	-3.3096	0
4.12	81.4783	-0.0474	-3.3355	0
4.13	81.6812	-0.048	-3.2047	0
4.14	81.8828	-0.0487	-3.2529	0
4.15	82.0831	-0.0494	-3.1656	0
4.16	82.2819	-0.0501	-3.1112	0
4.17	82.4795	-0.0507	-3.1979	0
4.18	82.6757	-0.0514	-3.1423	0
4.19	82.8705	-0.0521	-3.0506	0
4.2	83.0641	-0.0527	-3.1318	0
4.21	83.2563	-0.0534	-3.2876	0
4.22	83.4472	-0.0541	-3.3213	0
4.23	83.6368	-0.0548	-3.25	0
4.24	83.8251	-0.0554	-3.2509	0
4.25	84.012	-0.0561	-3.1545	0
4.26	84.1977	-0.0568	-3.3081	0
4.27	84.3821	-0.0574	-3.4807	0
4.28	84.5652	-0.0581	-3.4028	0
4.29	84.747	-0.0588	-3.3402	0
4.3	84.9275	-0.0595	-3.4704	0
4.31	85.1067	-0.0601	-3.5084	0
4.32	85.2847	-0.0608	-3.3809	0
4.33	85.4614	-0.0615	-3.3587	0
4.34	85.6368	-0.0621	-3.3961	0
4.35	85.811	-0.0628	-3.3644	0
4.36	85.9839	-0.0635	-3.4951	0
4.37	86.1555	-0.0642	-3.6755	0
4.38	86.3259	-0.0648	-3.6848	0
4.39	86.4951	-0.0655	-3.7294	0
4.4	86.663	-0.0662	-3.8607	0
4.41	86.8296	-0.0668	-3.9483	0
4.42	86.9951	-0.0675	-3.8489	0
4.43	87.1593	-0.0682	-3.855	0
4.44	87.3223	-0.0689	-3.9703	0
4.45	87.484	-0.0695	-4.0829	0
4.46	87.6445	-0.0702	-4.0168	0
4.47	87.8039	-0.0709	-4.034	0
4.48	87.962	-0.0715	-4.1679	0
4.49	88.1189	-0.0722	-4.1685	0
4.5	88.2746	-0.0729	-4.3336	0
4.51	88.429	-0.0735	-4.4347	0
4.52	88.5823	-0.0742	-4.4492	0
4.53	88.7344	-0.0749	-4.457	0
4.54	88.8853	-0.0756	-4.4242	0
4.55	89.035	-0.0762	-4.4915	0
4.56	89.1835	-0.0769	-4.421	0
4.57	89.3309	-0.0776	-4.4826	0
4.58	89.477	-0.0782	-4.5993	0
4.59	89.622	-0.0789	-4.8008	0
4.6	89.7658	-0.0796	-4.8137	0
4.61	89.9085	-0.0803	-4.9416	0
4.62	90.05	-0.0809	-4.8278	0
4.63	90.1903	-0.0816	-4.857	0
4.64	90.3294	-0.0823	-5.0721	0
4.65	90.4674	-0.0829	-5.1131	0
4.66	90.6042	-0.0836	-4.9901	0
4.67	90.7399	-0.0843	-5.1817	0
4.68	90.8744	-0.085	-5.2269	0
4.69	91.0078	-0.0856	-5.1735	0
4.7	91.1401	-0.0863	-5.043	0
4.71	91.2712	-0.087	-5.1035	0
4.72	91.4011	-0.0876	-5.0121	0
4.73	91.5299	-0.0883	-4.9606	0
4.74	91.6576	-0.089	-5.1067	0
4.75	91.7842	-0.0897	-5.1416	0
4.76	91.9096	-0.0903	-5.1931	0
4.77	92.0339	-0.091	-5.1995	0
4.78	92.1571	-0.0917	-5.2027	0
4.79	92.2792	-0.0923	-5.2561	0
4.8	92.4001	-0.093	-5.4713	0
4.81	92.52	-0.0937	-5.6742	0
4.82	92.6387	-0.0944	-5.7792	0
4.83	92.7563	-0.095	-5.8237	0
4.84	92.8728	-0.0957	-6.0517	0
4.85	92.9882	-0.0964	-6.1818	0
4.86	93.1025	-0.097	-6.206	0
4.87	93.2157	-0.0977	-6.1724	0
4.88	93.3278	-0.0984	-6.2778	0
4.89	93.4388	-0.0991	-6.3547	0
4.9	93.5487	-0.0997	-6.4712	0
4.91	93.6575	-0.1004	-6.6396	0
4.92	93.7652	-0.1011	-6.551	0
4.93	93.8718	-0.1017	-6.5371	0
4.94	93.9774	-0.1024	-6.6994	0
4.95	94.0818	-0.1031	-6.9156	0
4.96	94.1852	-0.1038	-6.8674	0
4.97	94.2875	-0.1044	-6.7444	0
4.98	94.3888	-0.1051	-6.8762	0
4.99	94.4889	-0.1058	-6.9149	0
5.0	94.588	-0.1064	-7.1454	0
5.01	94.686	-0.1071	-7.0792	0
5.02	94.7829	-0.1078	-7.0515	0
5.03	94.8788	-0.1085	-7.0117	0
5.04	94.9736	-0.1091	-6.8628	0
5.05	95.0673	-0.1098	-6.8495	0
5.06	95.16	-0.1105	-7.0531	0
5.07	95.2516	-0.1111	-7.1235	0
5.08	95.3422	-0.1118	-7.1231	0
5.09	95.4317	-0.1125	-7.0061	0
5.1	95.5201	-0.1131	-6.9479	0
5.11	95.6075	-0.1138	-7.0318	0
5.12	95.6939	-0.1145	-6.9093	0
5.13	95.7792	-0.1152	-6.7928	0
5.14	95.8634	-0.1158	-6.6844	0
5.15	95.9466	-0.1165	-6.7848	0
5.16	96.0288	-0.1172	-6.9925	0
5.17	96.1099	-0.1178	-7.0316	0
5.18	96.19	-0.1185	-7.1958	0
5.19	96.269	-0.1192	-7.3482	0
5.2	96.347	-0.1199	-7.4308	0
5.21	96.4239	-0.1205	-7.4403	0
5.22	96.4998	-0.1212	-7.3601	0
5.23	96.5747	-0.1219	-7.5089	0
5.24	96.6486	-0.1225	-7.5801	0
5.25	96.7214	-0.1232	-7.7271	0
5.26	96.7932	-0.1239	-7.5936	0
5.27	96.8639	-0.1246	-7.7401	0
5.28	96.9337	-0.1252	-7.6504	0
5.29	97.0024	-0.1259	-7.6315	0
5.3	97.0701	-0.1266	-7.8266	0
5.31	97.1367	-0.1272	-7.9785	0
5.32	97.2023	-0.1279	-7.8975	0
5.33	97.267	-0.1286	-7.8197	0
5.34	97.3306	-0.1293	-7.7293	0
5.35	97.3931	-0.1299	-7.8857	0
5.36	97.4547	-0.1306	-7.7526	0
5.37	97.5152	-0.1313	-7.7151	0
5.38	97.5748	-0.1319	-7.6102	0
5.39	97.6333	-0.1326	-7.7927	0
5.4	97.6908	-0.1333	-7.9559	0
5.41	97.7473	-0.134	-8.0606	0
5.42	97.8027	-0.1346	-8.1012	0
5.43	97.8572	-0.1353	-7.9832	0
5.44	97.9107	-0.136	-8.0551	0
5.45	97.9631	-0.1366	-8.2698	0
5.46	98.0146	-0.1373	-8.3171	0
5.47	98.065	-0.138	-8.5105	0
5.48	98.1144	-0.1387	-8.7453	0
5.49	98.1629	-0.1393	-8.5998	0
5.5	98.2103	-0.14	-8.5188	0
5.51	98.2567	-0.1407	-8.6322	0
5.52	98.3021	-0.1413	-8.5916	0
5.53	98.3465	-0.142	-8.6987	0
5.54	98.39	-0.1427	-8.8095	0
5.55	98.4324	-0.1434	-9.0087	0
5.56	98.4738	-0.144	-8.8567	0
5.57	98.5143	-0.1447	-8.8461	0
5.58	98.5537	-0.1454	-8.9602	0
5.59	98.5921	-0.146	-9.1216	0
5.6	98.6296	-0.1467	-9.3355	0
5.61	98.666	-0.1474	-9.2758	0
5.62	98.7015	-0.148	-9.1838	0
5.63	98.7359	-0.1487	-9.1295	0
5.64	98.7694	-0.1494	-9.278	0
5.65	98.8019	-0.1501	-9.2316	0
5.66	98.8334	-0.1507	-9.45	0
5.67	98.8639	-0.1514	-9.3683	0
5.68	98.8934	-0.1521	-9.3709	0
5.69	98.9219	-0.1527	-9.3903	0
5.7	98.9494	-0.1534	-9.2807	0
5.71	98.9759	-0.1541	-9.3499	0
5.72	99.0015	-0.1548	-9.369	0
5.73	99.0261	-0.1554	-9.5973	0
5.74	99.0496	-0.1561	-9.6608	0
5.75	99.0722	-0.1568	-9.579	0
5.76	99.0938	-0.1574	-9.4377	0
5.77	99.1144	-0.1581	-9.3712	0
5.78	99.1341	-0.1588	-9.4051	0
5.79	99.1527	-0.1595	-9.422	0
5.8	99.1704	-0.1601	-9.3598	0
5.81	99.1871	-0.1608	-9.3512	0
5.82	99.2028	-0.1615	-9.212	0
5.83	99.2175	-0.1621	-9.3111	0
5.84	99.2312	-0.1628	-9.3574	0
5.85	99.244	-0.1635	-9.3659	0
5.86	99.2557	-0.1642	-9.4225	0
5.87	99.2665	-0.1648	-9.6009	0
5.88	99.2763	-0.1655	-9.7824	0
5.89	99.2851	-0.1662	-9.6896	0
5.9	99.293	-0.1668	-9.5712	0
5.91	99.2998	-0.1675	-9.4614	0
5.92	99.3057	-0.1682	-9.6479	0
5.93	99.3106	-0.1689	-9.5366	0
5.94	99.3145	-0.1695	-9.5054	0
5.95	99.3174	-0.1702	-9.4591	0
5.96	99.3194	-0.1709	-9.5146	0
5.97	99.3203	-0.1715	-9.6258	0
5.98	99.3203	-0.1722	-9.7987	0
5.99	99.3193	-0.1729	-9.6453	0
6.0	99.3173	-0.1736	-9.7035	0
6.01	99.3144	-0.1742	-9.5691	0
6.02	99.3104	-0.1749	-9.4945	0
6.03	99.3055	-0.1756	-9.5008	0
6.04	99.2996	-0.1762	-9.3487	0
6.05	99.2927	-0.1769	-9.2528	0
6.06	99.2849	-0.1776	-9.1594	0
6.07	99.276	-0.1783	-9.3088	0
6.08	99.2662	-0.1789	-9.5386	0
6.09	99.2554	-0.1796	-9.6124	0
6.1	99.2436	-0.1803	-9.5168	0
6.11	99.2309	-0.1809	-9.3752	0
6.12	99.2171	-0.1816	-9.3658	0
6.13	99.2024	-0.1823	-9.4238	0
6.14	99.1867	-0.183	-9.6541	0
6.15	99.17	-0.1836	-9.7352	0
6.16	99.1524	-0.1843	-9.6636	0
6.17	99.1337	-0.185	-9.738	0
6.18	99.1141	-0.1856	-9.9436	0
6.19	99.0935	-0.1863	-9.976	0
6.2	99.0719	-0.187	-10.1305	0
6.21	99.0494	-0.1876	-10.1098	0
6.22	99.0259	-0.1883	-10.0403	0
6.23	99.0014	-0.189	-10.0051	0
6.24	98.9759	-0.1897	-10.076	0
6.25	98.9494	-0.1903	-10.1423	0
6.26	98.922	-0.191	-10.2712	0
6.27	98.8936	-0.1917	-10.1479	0
6.28	98.8642	-0.1923	-10.3808	0
6.29	98.8339	-0.193	-10.6048	0
6.3	98.8025	-0.1937	-10.6081	0
6.31	98.7702	-0.1944	-10.6933	0
6.32	98.737	-0.195	-10.5634	0
6.33	98.7027	-0.1957	-10.4657	0
6.34	98.6675	-0.1964	-10.6196	0
6.35	98.6313	-0.197	-10.7486	0
6.36	98.5942	-0.1977	-10.8421	0
6.37	98.5561	-0.1984	-10.6995	0
6.38	98.517	-0.1991	-10.5601	0
6.39	98.4769	-0.1997	-10.4395	0
6.4	98.4359	-0.2004	-10.4549	0
6.41	98.3939	-0.2011	-10.671	0
6.42	98.3509	-0.2017	-10.7535	0
6.43	98.307	-0.2024	-10.9434	0
6.44	98.2621	-0.2031	-11.0427	0
6.45	98.2163	-0.2038	-11.0161	0
6.46	98.1694	-0.2044	-11.2243	0
6.47	98.1217	-0.2051	-11.3765	0
6.48	98.0729	-0.2058	-11.279	0
6.49	98.0232	-0.2064	-11.3967	0
6.5	97.9726	-0.2071	-11.3777	0
6.51	97.921	-0.2078	-11.2943	0
6.52	97.8684	-0.2085	-11.4215	0
6.53	97.8149	-0.2091	-11.4152	0
6.54	97.7604	-0.2098	-11.2675	0
6.55	97.7049	-0.2105	-11.2324	0
6.56	97.6485	-0.2111	-11.4387	0
6.57	97.5912	-0.2118	-11.406	0
6.58	97.5329	-0.2125	-11.5218	0
6.59	97.4736	-0.2132	-11.657	0
6.6	97.4134	-0.2138	-11.7726	0
6.61	97.3523	-0.2145	-11.6181	0
6.62	97.2902	-0.2152	-11.5207	0
6.63	97.2271	-0.2158	-11.5142	0
6.64	97.1631	-0.2165	-11.5208	0
6.65	97.0982	-0.2172	-11.6978	0
6.66	97.0323	-0.2179	-11.8549	0
6.67	96.9655	-0.2185	-12.0532	0
6.68	96.8977	-0.2192	-12.0706	0
6.69	96.829	-0.2199	-12.0554	0
6.7	96.7593	-0.2205	-12.1725	0
6.71	96.6887	-0.2212	-12.2299	0
6.72	96.6172	-0.2219	-12.2993	0
6.73	96.5448	-0.2226	-12.4949	0
6.74	96.4714	-0.2232	-12.4877	0
6.75	96.397	-0.2239	-12.5115	0
6.76	96.3218	-0.2246	-12.5001	0
6.77	96.2456	-0.2252	-12.5159	0
6.78	96.1685	-0.2259	-12.6311	0
6.79	96.0904	-0.2266	-12.478	0
6.8	96.0114	-0.2272	-12.525	0
6.81	95.9315	-0.2279	-12.6482	0
6.82	95.8507	-0.2286	-12.7581	0
6.83	95.7689	-0.2293	-12.616	0
6.84	95.6862	-0.2299	-12.7081	0
6.85	95.6027	-0.2306	-12.8723	0
6.86	95.5181	-0.2313	-12.795	0
6.87	95.4327	-0.2319	-12.7849	0
6.88	95.3463	-0.2326	-12.8311	0
6.89	95.2591	-0.2333	-12.7564	0
6.9	95.1709	-0.234	-12.85	0
6.91	95.0818	-0.2346	-12.9928	0
6.92	94.9918	-0.2353	-12.984	0
6.93	94.9009	-0.236	-12.8413	0
6.94	94.8091	-0.2366	-12.7349	0
6.95	94.7163	-0.2373	-12.6723	0
6.96	94.6227	-0.238	-12.5747	0
6.97	94.5282	-0.2387	-12.4551	0
6.98	94.4327	-0.2393	-12.3851	0
6.99	94.3364	-0.24	-12.5646	0
7.0	94.2391	-0.2407	-12.6667	0
7.01	94.141	-0.2413	-12.647	0
7.02	94.042	-0.242	-12.7171	0
7.03	93.9421	-0.2427	-12.8405	0
7.04	93.8412	-0.2434	-12.9244	0
7.05	93.7395	-0.244	-12.8853	0
7.06	93.6369	-0.2447	-12.9099	0
7.07	93.5334	-0.2454	-13.0634	0
7.08	93.4291	-0.246	-13.0602	0
7.09	93.3238	-0.2467	-13.1873	0
7.1	93.2177	-0.2474	-13.1538	0
7.11	93.1106	-0.2481	-13.3037	0
7.12	93.0027	-0.2487	-13.2138	0
7.13	92.894	-0.2494	-13.166	0
7.14	92.7843	-0.2501	-13.253	0
7.15	92.6738	-0.2507	-13.3879	0
7.16	92.5624	-0.2514	-13.3357	0
7.17	92.4501	-0.2521	-13.444	0
7.18	92.337	-0.2528	-13.487	0
7.19	92.2229	-0.2534	-13.6303	0
7.2	92.1081	-0.2541	-13.4955	0
7.21	91.9923	-0.2548	-13.7019	0
7.22	91.8757	-0.2554	-13.6688	0
7.23	91.7583	-0.2561	-13.7146	0
7.24	91.6399	-0.2568	-13.7471	0
7.25	91.5208	-0.2575	-13.8047	0
7.26	91.4007	-0.2581	-13.6925	0
7.27	91.2799	-0.2588	-13.5718	0
7.28	91.1581	-0.2595	-13.5672	0
7.29	91.0355	-0.2601	-13.6849	0
7.3	90.9121	-0.2608	-13.7783	0
7.31	90.7878	-0.2615	-13.9963	0
7.32	90.6627	-0.2622	-14.1257	0
7.33	90.5367	-0.2628	-13.9784	0
7.34	90.4099	-0.2635	-13.9907	0
7.35	90.2823	-0.2642	-14.0593	0
7.36	90.1538	-0.2648	-14.0649	0
7.37	90.0245	-0.2655	-14.0838	0
7.38	89.8943	-0.2662	-14.3145	0
7.39	89.7634	-0.2668	-14.4103	0
7.4	89.6316	-0.2675	-14.6299	0
7.41	89.4989	-0.2682	-14.5461	0
7.42	89.3655	-0.2689	-14.4241	0
7.43	89.2312	-0.2695	-14.2784	0
7.44	89.0961	-0.2702	-14.2331	0
7.45	88.9602	-0.2709	-14.1973	0
7.46	88.8234	-0.2715	-14.112	0
7.47	88.6859	-0.2722	-14.0239	0
7.48	88.5475	-0.2729	-13.9182	0
7.49	88.4084	-0.2736	-13.8011	0
7.5	88.2684	-0.2742	-13.9315	0
7.51	88.1276	-0.2749	-14.0885	0
7.52	87.986	-0.2756	-14.0298	0
7.53	87.8436	-0.2762	-14.1009	0
7.54	87.7004	-0.2769	-14.0625	0
7.55	87.5564	-0.2776	-13.9953	0
7.56	87.4116	-0.2783	-14.1024	0
7.57	87.2661	-0.2789	-13.9719	0
7.58	87.1197	-0.2796	-14.107	0
7.59	86.9725	-0.2803	-14.0209	0
7.6	86.8246	-0.2809	-14.2148	0
7.61	86.6758	-0.2816	-14.2747	0
7.62	86.5263	-0.2823	-14.4452	0
7.63	86.376	-0.283	-14.5732	0
7.64	86.2249	-0.2836	-14.4648	0
7.65	86.073	-0.2843	-14.5347	0
7.66	85.9204	-0.285	-14.4482	0
7.67	85.767	-0.2856	-14.3384	0
7.68	85.6128	-0.2863	-14.2366	0
7.69	85.4579	-0.287	-14.4323	0
7.7	85.3021	-0.2877	-14.6447	0
7.71	85.1457	-0.2883	-14.7532	0
7.72	84.9884	-0.289	-14.6154	0
7.73	84.8304	-0.2897	-14.5937	0
7.74	84.6716	-0.2903	-14.5169	0
7.75	84.5121	-0.291	-14.5458	0
7.76	84.3519	-0.2917	-14.5802	0
7.77	84.1908	-0.2924	-14.6894	0
7.78	84.0291	-0.293	-14.9065	0
7.79	83.8665	-0.2937	-14.9307	0
7.8	83.7033	-0.2944	-15.0381	0
7.81	83.5392	-0.295	-15.1742	0
7.82	83.3745	-0.2957	-15.1553	0
7.83	83.209	-0.2964	-15.1112	0
7.84	83.0428	-0.2971	-15.0656	0
7.85	82.8758	-0.2977	-15.212	0
7.86	82.7081	-0.2984	-15.1706	0
7.87	82.5397	-0.2991	-15.1841	0
7.88	82.3705	-0.2997	-15.1526	0
7.89	82.2007	-0.3004	-15.0306	0
7.9	82.0301	-0.3011	-15.0582	0
7.91	81.8587	-0.3017	-15.24	0
7.92	81.6867	-0.3024	-15.1971	0
7.93	81.514	-0.3031	-15.1004	0
7.94	81.3405	-0.3038	-15.2143	0
7.95	81.1663	-0.3044	-15.1621	0
7.96	80.9914	-0.3051	-15.0046	0
7.97	80.8158	-0.3058	-15.1041	0
7.98	80.6395	-0.3064	-15.0235	0
7.99	80.4625	-0.3071	-15.2007	0
8.0	80.2848	-0.3078	-15.1296	0
8.01	80.1064	-0.3085	-15.1999	0
8.02	79.9273	-0.3091	-15.3505	0
8.03	79.7475	-0.3098	-15.2774	0
8.04	79.567	-0.3105	-15.219	0
8.05	79.3858	-0.3111	-15.3219	0
8.06	79.2039	-0.3118	-15.2296	0
8.07	79.0214	-0.3125	-15.2089	0
8.08	78.8381	-0.3132	-15.0856	0
8.09	78.6542	-0.3138	-15.0565	0
8.1	78.4696	-0.3145	-14.9239	0
8.11	78.2843	-0.3152	-15.1507	0
8.12	78.0984	-0.3158	-15.3315	0
8.13	77.9118	-0.3165	-15.305	0
8.14	77.7245	-0.3172	-15.4966	0
8.15	77.5365	-0.3179	-15.68	0
8.16	77.3479	-0.3185	-15.6828	0
8.17	77.1586	-0.3192	-15.7666	0
8.18	76.9687	-0.3199	-15.8236	0
8.19	76.7781	-0.3205	-15.9283	0
8.2	76.5868	-0.3212	-16.115	0
8.21	76.3949	-0.3219	-16.3195	0
8.22	76.2023	-0.3226	-16.5161	0
8.23	76.0091	-0.3232	-16.6638	0
8.24	75.8152	-0.3239	-16.6268	0
8.25	75.6207	-0.3246	-16.7665	0
8.26	75.4256	-0.3252	-16.7339	0
8.27	75.2298	-0.3259	-16.6836	0
8.28	75.0334	-0.3266	-16.7705	0
8.29	74.8363	-0.3273	-16.7034	0
8.3	74.6386	-0.3279	-16.5722	0
8.31	74.4403	-0.3286	-16.4507	0
8.32	74.2413	-0.3293	-16.4409	0
8.33	74.0417	-0.3299	-16.4601	0
8.34	73.8415	-0.3306	-16.6366	0
8.35	73.6407	-0.3313	-16.6627	0
8.36	73.4393	-0.332	-16.8611	0
8.37	73.2372	-0.3326	-16.9125	0
8.38	73.0345	-0.3333	-16.8864	0
8.39	72.8312	-0.334	-17.0812	0
8.4	72.6273	-0.3346	-16.9253	0
8.41	72.4228	-0.3353	-17.0874	0
8.42	72.2177	-0.336	-16.9682	0
8.43	72.0119	-0.3367	-17.0235	0
8.44	71.8056	-0.3373	-17.1058	0
8.45	71.5987	-0.338	-17.1424	0
8.46	71.3912	-0.3387	-17.067	0
8.47	71.183	-0.3393	-17.0856	0
8.48	70.9743	-0.34	-17.0288	0
8.49	70.765	-0.3407	-17.2596	0
8.5	70.5551	-0.3413	-17.4524	0
8.51	70.3446	-0.342	-17.6254	0
8.52	70.1336	-0.3427	-17.5839	0
8.53	69.9219	-0.3434	-17.8172	0
8.54	69.7097	-0.344	-17.7912	0
8.55	69.4969	-0.3447	-17.949	0
8.56	69.2835	-0.3454	-18.0805	0
8.57	69.0696	-0.346	-18.1068	0
8.58	68.8551	-0.3467	-18.071	0
8.59	68.64	-0.3474	-18.1532	0
8.6	68.4243	-0.3481	-18.3494	0
8.61	68.2081	-0.3487	-18.1944	0
8.62	67.9913	-0.3494	-18.3142	0
8.63	67.774	-0.3501	-18.5403	0
8.64	67.5561	-0.3507	-18.5518	0
8.65	67.3376	-0.3514	-18.4597	0
8.66	67.1186	-0.3521	-18.3321	0
8.67	66.899	-0.3528	-18.2861	0
8.68	66.6789	-0.3534	-18.3977	0
8.69	66.4583	-0.3541	-18.4882	0
8.7	66.237	-0.3548	-18.4244	0
8.71	66.0153	-0.3554	-18.4501	0
8.72	65.793	-0.3561	-18.3369	0
8.73	65.5702	-0.3568	-18.5248	0
8.74	65.3468	-0.3575	-18.6492	0
8.75	65.1229	-0.3581	-18.678	0
8.76	64.8985	-0.3588	-18.8994	0
8.77	64.6736	-0.3595	-18.997	0
8.78	64.4481	-0.3601	-19.1889	0
8.79	64.2221	-0.3608	-19.1581	0
8.8	63.9955	-0.3615	-19.3301	0
8.81	63.7685	-0.3622	-19.4577	0
8.82	63.5409	-0.3628	-19.3584	0
8.83	63.3128	-0.3635	-19.4941	0
8.84	63.0842	-0.3642	-19.639	0
8.85	62.8551	-0.3648	-19.5927	0
8.86	62.6255	-0.3655	-19.7438	0
8.87	62.3954	-0.3662	-19.8955	0
8.88	62.1647	-0.3669	-19.9839	0
8.89	61.9336	-0.3675	-19.9402	0
8.9	61.7019	-0.3682	-20.1749	0
8.91	61.4698	-0.3689	-20.2909	0
8.92	61.2372	-0.3695	-20.1801	0
8.93	61.004	-0.3702	-20.1378	0
8.94	60.7704	-0.3709	-20.1247	0
8.95	60.5363	-0.3716	-20.3444	0
8.96	60.3017	-0.3722	-20.4465	0
8.97	60.0666	-0.3729	-20.3949	0
8.98	59.831	-0.3736	-20.2849	0
8.99	59.5949	-0.3742	-20.1737	0
9.0	59.3584	-0.3749	-20.0673	0
9.01	59.1213	-0.3756	-20.0946	0
9.02	58.8838	-0.3763	-20.1187	0
9.03	58.6459	-0.3769	-20.172	0
9.04	58.4074	-0.3776	-20.2982	0
9.05	58.1685	-0.3783	-20.251	0
9.06	57.9291	-0.3789	-20.3968	0
9.07	57.6892	-0.3796	-20.6316	0
9.08	57.4489	-0.3803	-20.8448	0
9.09	57.2081	-0.3809	-20.8458	0
9.1	56.9669	-0.3816	-20.8119	0
9.11	56.7252	-0.3823	-20.7917	0
9.12	56.483	-0.383	-20.934	0
9.13	56.2404	-0.3836	-20.8606	0
9.14	55.9973	-0.3843	-21.0629	0
9.15	55.7538	-0.385	-21.2511	0
9.16	55.5098	-0.3856	-21.4693	0
9.17	55.2654	-0.3863	-21.5651	0
9.18	55.0205	-0.387	-21.538	0
9.19	54.7752	-0.3877	-21.4511	0
9.2	54.5295	-0.3883	-21.6269	0
9.21	54.2833	-0.389	-21.7601	0
9.22	54.0367	-0.3897	-21.6915	0
9.23	53.7896	-0.3903	-21.5882	0
9.24	53.5421	-0.391	-21.744	0
9.25	53.2942	-0.3917	-21.6796	0
9.26	53.0459	-0.3924	-21.8132	0
9.27	52.7971	-0.393	-21.9289	0
9.28	52.5479	-0.3937	-21.9737	0
9.29	52.2983	-0.3944	-22.1986	0
9.3	52.0482	-0.395	-22.3167	0
9.31	51.7978	-0.3957	-22.2764	0
9.32	51.5469	-0.3964	-22.2135	0
9.33	51.2956	-0.3971	-22.2181	0
9.34	51.0438	-0.3977	-22.1492	0
9.35	50.7917	-0.3984	-22.2219	0
9.36	50.5392	-0.3991	-22.282	0
9.37	50.2862	-0.3997	-22.4284	0
9.38	50.0329	-0.4004	-22.2844	0
9.39	49.7791	-0.4011	-22.2055	0
9.4	49.525	-0.4018	-22.1319	0
9.41	49.2704	-0.4024	-22.2129	0
9.42	49.0154	-0.4031	-22.2742	0
9.43	48.7601	-0.4038	-22.4186	0
9.44	48.5043	-0.4044	-22.4639	0
9.45	48.2482	-0.4051	-22.6008	0
9.46	47.9916	-0.4058	-22.7978	0
9.47	47.7347	-0.4065	-22.7813	0
9.48	47.4774	-0.4071	-22.9095	0
9.49	47.2197	-0.4078	-22.9973	0
9.5	46.9616	-0.4085	-22.9582	0
9.51	46.7031	-0.4091	-23.0235	0
9.52	46.4443	-0.4098	-22.9149	0
9.53	46.185	-0.4105	-22.83	0
9.54	45.9254	-0.4112	-22.8585	0
9.55	45.6654	-0.4118	-22.9311	0
9.56	45.4051	-0.4125	-22.9946	0
9.57	45.1444	-0.4132	-23.0765	0
9.58	44.8833	-0.4138	-23.0061	0
9.59	44.6218	-0.4145	-22.9544	0
9.6	44.3599	-0.4152	-22.8114	0
9.61	44.0977	-0.4158	-22.9882	0
9.62	43.8352	-0.4165	-23.0879	0
9.63	43.5723	-0.4172	-23.3111	0
9.64	43.309	-0.4179	-23.2694	0
9.65	43.0453	-0.4185	-23.282	0
9.66	42.7813	-0.4192	-23.2647	0
9.67	42.517	-0.4199	-23.3435	0
9.68	42.2522	-0.4205	-23.407	0
9.69	41.9872	-0.4212	-23.2659	0
9.7	41.7218	-0.4219	-23.2816	0
9.71	41.456	-0.4226	-23.2675	0
9.72	41.1899	-0.4232	-23.3212	0
9.73	40.9235	-0.4239	-23.4644	0
9.74	40.6567	-0.4246	-23.3181	0
9.75	40.3895	-0.4252	-23.3055	0
9.76	40.122	-0.4259	-23.3265	0
9.77	39.8542	-0.4266	-23.2816	0
9.78	39.5861	-0.4273	-23.5199	0
9.79	39.3176	-0.4279	-23.363	0
9.8	39.0488	-0.4286	-23.4713	0
9.81	38.7796	-0.4293	-23.6814	0
9.82	38.5101	-0.4299	-23.5339	0
9.83	38.2403	-0.4306	-23.6403	0
9.84	37.9702	-0.4313	-23.5393	0
9.85	37.6997	-0.432	-23.6123	0
9.86	37.4289	-0.4326	-23.8397	0
9.87	37.1578	-0.4333	-23.9777	0
9.88	36.8864	-0.434	-24.0941	0
9.89	36.6147	-0.4346	-23.9795	0
9.9	36.3426	-0.4353	-23.9567	0
9.91	36.0702	-0.436	-24.1566	0
9.92	35.7975	-0.4367	-24.0392	0
9.93	35.5245	-0.4373	-24.0661	0
9.94	35.2512	-0.438	-23.937	0
9.95	34.9776	-0.4387	-23.8255	0
9.96	34.7036	-0.4393	-23.8639	0
9.97	34.4294	-0.44	-23.7906	0
9.98	34.1548	-0.4407	-23.9508	0
9.99	33.88	-0.4414	-24.1693	0
10.0	33.6048	-0.442	-24.036	0
10.01	33.3294	-0.4427	-24.1424	0
10.02	33.0536	-0.4434	-24.1926	0
10.03	32.7776	-0.444	-24.1745	0
10.04	32.5012	-0.4447	-24.1534	0
10.05	32.2246	-0.4454	-24.1015	0
10.06	31.9476	-0.4461	-24.2202	0
10.07	31.6704	-0.4467	-24.4217	0
10.08	31.3929	-0.4474	-24.4847	0
10.09	31.1151	-0.4481	-24.6965	0
10.1	30.837	-0.4487	-24.9021	0
10.11	30.5586	-0.4494	-25.0518	0
10.12	30.2799	-0.4501	-24.9698	0
10.13	30.001	-0.4508	-25.0514	0
10.14	29.7218	-0.4514	-25.2571	0
10.15	29.4423	-0.4521	-25.1651	0
10.16	29.1625	-0.4528	-25.3467	0
10.17	28.8824	-0.4534	-25.2912	0
10.18	28.6021	-0.4541	-25.3136	0
10.19	28.3215	-0.4548	-25.5085	0
10.2	28.0406	-0.4554	-25.4911	0
10.21	27.7594	-0.4561	-25.4193	0
10.22	27.478	-0.4568	-25.3397	0
10.23	27.1963	-0.4575	-25.1969	0
10.24	26.9143	-0.4581	-25.3128	0
10.25	26.6321	-0.4588	-25.2863	0
10.26	26.3496	-0.4595	-25.406	0
10.27	26.0668	-0.4601	-25.4175	0
10.28	25.7838	-0.4608	-25.3085	0
10.29	25.5005	-0.4615	-25.4575	0
10.3	25.217	-0.4622	-25.5961	0
10.31	24.9332	-0.4628	-25.571	0
10.32	24.6491	-0.4635	-25.696	0
10.33	24.3648	-0.4642	-25.5492	0
10.34	24.0802	-0.4648	-25.4415	0
10.35	23.7954	-0.4655	-25.3599	0
10.36	23.5103	-0.4662	-25.2666	0
10.37	23.225	-0.4669	-25.4806	0
10.38	22.9394	-0.4675	-25.4079	0
10.39	22.6536	-0.4682	-25.3331	0
10.4	22.3675	-0.4689	-25.406	0
10.41	22.0812	-0.4695	-25.4512	0
10.42	21.7947	-0.4702	-25.5756	0
10.43	21.5079	-0.4709	-25.672	0
10.44	21.2208	-0.4716	-25.8259	0
10.45	20.9336	-0.4722	-25.7998	0
10.46	20.646	-0.4729	-25.9827	0
10.47	20.3583	-0.4736	-26.2097	0
10.48	20.0703	-0.4742	-26.3611	0
10.49	19.7821	-0.4749	-26.4334	0
10.5	19.4936	-0.4756	-26.3408	0
10.51	19.2049	-0.4763	-26.3977	0
10.52	18.916	-0.4769	-26.3942	0
10.53	18.6268	-0.4776	-26.302	0
10.54	18.3374	-0.4783	-26.4712	0
10.55	18.0478	-0.4789	-26.6817	0
10.56	17.758	-0.4796	-26.6857	0
10.57	17.4679	-0.4803	-26.8273	0
10.58	17.1776	-0.481	-26.9022	0
10.59	16.8871	-0.4816	-26.8351	0
10.6	16.5964	-0.4823	-27.0336	0
10.61	16.3054	-0.483	-27.0797	0
10.62	16.0142	-0.4836	-27.2081	0
10.63	15.7228	-0.4843	-27.1774	0
10.64	15.4312	-0.485	-27.1678	0
10.65	15.1394	-0.4857	-27.0213	0
10.66	14.8474	-0.4863	-27.1731	0
10.67	14.5551	-0.487	-27.3409	0
10.68	14.2626	-0.4877	-27.3268	0
10.69	13.9699	-0.4883	-27.5538	0
10.7	13.6771	-0.489	-27.5271	0
10.71	13.384	-0.4897	-27.5308	0
10.72	13.0906	-0.4904	-27.5752	0
10.73	12.7971	-0.491	-27.4431	0
10.74	12.5034	-0.4917	-27.6093	0
10.75	12.2095	-0.4924	-27.8316	0
10.76	11.9153	-0.493	-27.7167	0
10.77	11.621	-0.4937	-27.6804	0
10.78	11.3265	-0.4944	-27.6427	0
10.79	11.0317	-0.495	-27.7465	0
10.8	10.7368	-0.4957	-27.9008	0
10.81	10.4417	-0.4964	-27.8674	0
10.82	10.1463	-0.4971	-28.0484	0
10.83	9.8508	-0.4977	-27.9452	0
10.84	9.5551	-0.4984	-27.8043	0
10.85	9.2592	-0.4991	-27.6714	0
10.86	8.963	-0.4997	-27.6823	0
10.87	8.6667	-0.5004	-27.8784	0
10.88	8.3702	-0.5011	-28.0401	0
10.89	8.0736	-0.5018	-27.9395	0
10.9	7.7767	-0.5024	-27.8102	0
10.91	7.4796	-0.5031	-27.8495	0
10.92	7.1824	-0.5038	-27.7843	0
10.93	6.8849	-0.5044	-27.8757	0
10.94	6.5873	-0.5051	-27.7608	0
10.95	6.2895	-0.5058	-27.6526	0
10.96	5.9915	-0.5065	-27.5167	0
10.97	5.6933	-0.5071	-27.4957	0
10.98	5.395	-0.5078	-27.426	0
10.99	5.0964	-0.5085	-27.5819	0
11.0	4.7977	-0.5091	-27.491	0
11.01	4.4988	-0.5098	-27.4123	0
11.02	4.1998	-0.5105	-27.649	0
11.03	3.9005	-0.5112	-27.7111	0
11.04	3.6011	-0.5118	-27.8716	0
11.05	3.3015	-0.5125	-27.9194	0
11.06	3.0018	-0.5132	-27.8467	0
11.07	2.7018	-0.5138	-27.9642	0
11.08	2.4017	-0.5145	-27.8104	0
11.09	2.1014	-0.5152	-27.7695	0
11.1	1.801	-0.5159	-27.7081	0
11.11	1.5003	-0.5165	-27.5634	0
11.12	1.1996	-0.5172	-27.5057	0
11.13	0.8986	-0.5179	-27.4168	0
11.14	0.5975	-0.5185	-27.3509	0
11.15	0.2962	-0.5192	-27.3319	0
11.16	-0.0053	-0.5199	-27.269	0
0	0	0	0	0
0	0.0	0.0	4.0	-5
0.01	-0.001	0.0	3.8212	-5
0.02	-0.0029	0.0	3.9601	-5
0.03	-0.0058	0.0	4.0564	-5
0.04	-0.0095	0.0	4.1984	-5
0.05	-0.0139	0.0001	4.0353	-5
0.06	-0.0191	0.0001	4.1576	-5
0.07	-0.0248	0.0002	4.2928	-5
0.08	-0.031	0.0003	4.4073	-5
0.09	-0.0377	0.0005	4.225	-4.8173
0.1	-0.0447	0.0007	4.0367	-3.6678
0.11	-0.052	0.0009	4.0881	-3.616
0.12	-0.0596	0.0012	4.0365	-3.7822
0.13	-0.0673	0.0016	4.0833	-3.9568
0.14	-0.075	0.002	3.8594	-3.472
0.15	-0.0827	0.0025	3.6625	-2.6367
0.16	-0.0903	0.0031	3.4951	-2.2045
0.17	-0.0977	0.0038	3.2809	-1.8021
0.18	-0.1049	0.0045	3.161	-1.669
0.19	-0.1117	0.0053	3.0786	-1.8473
0.2	-0.118	0.0061	2.9197	-1.7713
0.21	-0.1239	0.0071	2.6441	-1.1634
0.22	-0.1291	0.0081	2.5145	-0.8966
0.23	-0.1336	0.0092	2.0212	0.1108
0.24	-0.1374	0.0103	1.8892	0.5541
0.25	-0.1402	0.0115	1.3704	1.308
0.26	-0.1421	0.0128	1.2283	1.6102
0.27	-0.143	0.0141	1.0997	1.0529
0.28	-0.1426	0.0154	0.7	1.5548
0.29	-0.141	0.0168	0.4225	2.1913
0.3	-0.1381	0.0182	0.0697	2.6657
0.31	-0.1337	0.0196	-0.1436	2.8243
0.32	-0.1278	0.021	-0.1983	2.2505
0.33	-0.1202	0.0223	-0.4327	2.1507
0.34	-0.1109	0.0237	-0.5062	2.0624
0.35	-0.0997	0.025	-0.5029	1.4877
0.36	-0.0866	0.0263	-0.7027	1.598
0.37	-0.0715	0.0276	-0.5485	1.0898
0.38	-0.0542	0.0288	-0.3502	-0.1165
0.39	-0.0347	0.03	-0.2332	-0.7636
0.4	-0.0127	0.0312	-0.0121	-1.3483
0.41	0.0118	0.0324	0.0914	-1.6437
0.42	0.039	0.0337	-0.0162	-0.9941
0.43	0.0688	0.0349	0.0448	-0.6446
0.44	0.1015	0.0361	-0.0305	-0.3881
0.45	0.137	0.0373	-0.1727	0.2696
0.46	0.1752	0.0385	-0.2642	0.7034
0.47	0.216	0.0397	-0.4959	1.3203
0.48	0.2594	0.0408	-0.4639	1.2737
0.49	0.3053	0.0419	-0.6751	1.4358
0.5	0.3537	0.043	-0.6735	1.467
0.51	0.4045	0.044	-0.7868	1.4053
0.52	0.4576	0.045	-0.6876	1.0076
0.53	0.5129	0.046	-0.7921	0.9161
0.54	0.5704	0.0469	-0.8328	1.1204
0.55	0.63	0.0478	-0.6053	0.3289
0.56	0.6916	0.0486	-0.4816	-0.4617
0.57	0.7554	0.0494	-0.3003	-0.9503
0.58	0.8211	0.0502	-0.1595	-1.3099
0.59	0.8887	0.051	0.1198	-1.9166
0.6	0.9583	0.0518	0.203	-2.0817
0.61	1.0298	0.0526	0.4576	-2.3364
0.62	1.1032	0.0534	0.4644	-2.1917
0.63	1.1783	0.0543	0.5403	-1.8203
0.64	1.2553	0.0551	0.468	-1.3227
0.65	1.3341	0.056	0.4506	-0.864
0.66	1.4146	0.057	0.1945	0.024
0.67	1.4968	0.0579	0.2192	0.2944
0.68	1.5807	0.0588	-0.0671	0.8177
0.69	1.6663	0.0598	-0.258	1.5831
0.7	1.7536	0.0607	-0.2598	1.3612
0.71	1.8425	0.0616	-0.5176	1.6192
0.72	1.9329	0.0625	-0.6387	1.9803
0.73	2.025	0.0633	-0.8417	2.2191
0.74	2.1186	0.0642	-0.854	2.0372
0.75	2.2138	0.0649	-0.6442	0.8866
0.76	2.3106	0.0657	-0.6368	0.2759
0.77	2.4089	0.0664	-0.5851	0.1792
0.78	2.5087	0.0671	-0.5736	0.1334
0.79	2.6101	0.0678	-0.3838	-0.3522
0.8	2.7129	0.0684	-0.4317	-0.3628
0.81	2.8172	0.0691	-0.1748	-0.7884
0.82	2.923	0.0697	-0.2018	-0.9046
0.83	3.0303	0.0703	0.0784	-1.3168
0.84	3.139	0.0709	-0.0237	-1.1447
0.85	3.2492	0.0715	0.1202	-0.9739
0.86	3.3607	0.0722	0.3542	-1.6916
0.87	3.4737	0.0728	0.2132	-1.2721
0.88	3.5881	0.0735	0.1887	-0.5636
0.89	3.7038	0.0741	0.039	0.0138
0.9	3.8209	0.0748	-0.1631	0.8279
0.91	3.9394	0.0754	-0.2406	1.1291
0.92	4.0593	0.0761	-0.1581	0.6122
0.93	4.1805	0.0767	-0.0215	-0.2134
0.94	4.3031	0.0773	-0.161	-0.0436
0.95	4.427	0.078	-0.0073	-0.2127
0.96	4.5522	0.0786	0.0531	-0.6825
0.97	4.6787	0.0792	0.1849	-1.0162
0.98	4.8066	0.0799	0.3554	-1.5288
0.99	4.9357	0.0805	0.3331	-1.4046
1.0	5.0661	0.0812	0.1957	-0.5906
1.01	5.1979	0.0819	0.1534	-0.1023
1.02	5.3309	0.0825	0.0743	0.1277
1.03	5.4651	0.0832	-0.203	0.9656
1.04	5.6006	0.0839	-0.3509	1.5883
1.05	5.7374	0.0846	-0.307	1.1877
1.06	5.8754	0.0852	-0.4387	1.0735
1.07	6.0146	0.0858	-0.3359	0.7064
1.08	6.1551	0.0864	-0.4554	0.6432
1.09	6.2968	0.087	-0.5669	1.0748
1.1	6.4397	0.0876	-0.5591	1.0056
1.11	6.5838	0.0882	-0.4407	0.3912
1.12	6.7291	0.0887	-0.6023	0.5946
1.13	6.8756	0.0892	-0.5821	0.7972
1.14	7.0233	0.0897	-0.6928	0.9408
1.15	7.1722	0.0902	-0.5188	0.4802
1.16	7.3222	0.0906	-0.5398	0.1501
1.17	7.4734	0.091	-0.2963	-0.4421
1.18	7.6258	0.0914	-0.3813	-0.4383
1.19	7.7793	0.0918	-0.4453	0.1929
1.2	7.934	0.0922	-0.4536	0.3889
1.21	8.0898	0.0925	-0.4664	0.4127
1.22	8.2468	0.0928	-0.4467	0.3444
1.23	8.4049	0.0932	-0.5149	0.4948
1.24	8.5641	0.0935	-0.6124	0.8769
1.25	8.7244	0.0937	-0.7196	1.2341
1.26	8.8859	0.094	-0.4759	0.4596
1.27	9.0484	0.0942	-0.207	-0.8799
1.28	9.2121	0.0944	-0.0644	-1.4629
1.29	9.3769	0.0946	0.0758	-1.6102
1.3	9.5427	0.0948	0.1823	-1.6493
1.31	9.7097	0.095	0.3251	-1.7575
1.32	9.8778	0.0953	0.2302	-1.2398
1.33	10.0469	0.0955	0.3475	-1.0526
1.34	10.2171	0.0958	0.3104	-0.9493
1.35	10.3884	0.096	0.2263	-0.4228
1.36	10.5608	0.0963	0.3915	-0.7275
1.37	10.7342	0.0966	0.5181	-1.3602
1.38	10.9087	0.0969	0.677	-1.8113
1.39	11.0842	0.0973	0.7231	-1.8733
1.4	11.2608	0.0976	0.8453	-1.9327
1.41	11.4384	0.098	0.9067	-1.9889
1.42	11.6171	0.0985	0.8418	-1.5481
1.43	11.7969	0.0989	0.7723	-0.9925
1.44	11.9776	0.0994	0.4812	0.0415
1.45	12.1594	0.1	0.5067	0.272
1.46	12.3424	0.1005	0.1266	0.9826
1.47	12.5265	0.1011	-0.1915	2.1867
1.48	12.7118	0.1016	-0.3274	2.3671
1.49	12.8983	0.1021	-0.5078	2.2997
1.5	13.0859	0.1026	-0.4965	1.8464
1.51	13.2745	0.1031	-0.6819	1.7775
1.52	13.4642	0.1036	-0.6163	1.4522
1.53	13.6549	0.104	-0.6337	0.9787
1.54	13.8466	0.1044	-0.5342	0.5177
1.55	14.0394	0.1048	-0.6504	0.6153
1.56	14.2332	0.1052	-0.6485	0.7989
1.57	14.428	0.1055	-0.4717	0.1483
1.58	14.6238	0.1058	-0.4122	-0.3103
1.59	14.8206	0.1061	-0.5288	0.1543
1.6	15.0185	0.1064	-0.494	0.3788
1.61	15.2173	0.1066	-0.3297	-0.1912
1.62	15.4171	0.1069	-0.3704	-0.2427
1.63	15.618	0.1071	-0.5063	0.4389
1.64	15.8198	0.1073	-0.3946	0.351
1.65	16.0226	0.1075	-0.4507	0.2621
1.66	16.2264	0.1077	-0.5823	0.7943
1.67	16.4312	0.1078	-0.5035	0.6873
1.68	16.6369	0.108	-0.2649	-0.3083
1.69	16.8436	0.1081	-0.0558	-1.2322
1.7	17.0513	0.1082	0.0827	-1.5996
1.71	17.26	0.1083	0.2073	-1.6933
1.72	17.4696	0.1085	0.2888	-1.6426
1.73	17.6802	0.1086	0.1604	-0.9295
1.74	17.8917	0.1088	0.3272	-0.9163
1.75	18.1042	0.1089	0.3271	-1.0658
1.76	18.3176	0.1091	0.2094	-0.4691
1.77	18.532	0.1093	-0.0168	0.4966
1.78	18.7473	0.1095	0.0913	0.3811
1.79	18.9635	0.1097	0.1032	-0.1118
1.8	19.1807	0.1098	0.1517	-0.3299
1.81	19.3987	0.11	0.0521	-0.1094
1.82	19.6177	0.1102	0.1721	-0.2997
1.83	19.8376	0.1105	-0.0818	0.22
1.84	20.0585	0.1107	-0.1607	0.8568
1.85	20.2802	0.1108	-0.1498	0.6517
1.86	20.5028	0.111	-0.3418	0.9535
1.87	20.7263	0.1112	-0.2597	0.7958
1.88	20.9507	0.1114	-0.4176	0.8406
1.89	21.1759	0.1115	-0.3776	0.8177
1.9	21.4021	0.1117	-0.2596	0.1589
1.91	21.6291	0.1118	-0.3511	0.1891
1.92	21.857	0.1119	-0.2491	0.0828
1.93	22.0857	0.112	-0.3713	0.2642
1.94	22.3153	0.1121	-0.4682	0.7952
1.95	22.5458	0.1122	-0.6137	1.2489
1.96	22.7771	0.1122	-0.7864	1.7595
1.97	23.0092	0.1122	-0.7813	1.6573
1.98	23.2422	0.1122	-0.7921	1.2873
1.99	23.476	0.1121	-0.6741	0.7163
2.0	23.7106	0.1121	-0.7599	0.6814
2.01	23.9461	0.112	-0.4598	-0.0541
2.02	24.1824	0.1118	-0.1832	-1.3167
2.03	24.4195	0.1117	-0.1765	-1.3286
2.04	24.6574	0.1116	-0.1656	-0.8109
2.05	24.8962	0.1114	-0.0831	-0.7275
2.06	25.1357	0.1113	0.1512	-1.3093
2.07	25.376	0.1111	0.3087	-1.8261
2.08	25.6172	0.111	0.3988	-1.8441
2.09	25.8591	0.1109	0.5226	-1.8581
2.1	26.1019	0.1108	0.3829	-1.1942
2.11	26.3454	0.1107	0.4232	-0.7532
2.12	26.5897	0.1107	0.3465	-0.5144
2.13	26.8348	0.1106	0.4298	-0.587
2.14	27.0807	0.1106	0.4939	-0.9273
2.15	27.3273	0.1106	0.4006	-0.6473
2.16	27.5748	0.1106	0.3156	-0.1522
2.17	27.8229	0.1106	0.1252	0.4781
2.18	28.0719	0.1106	-0.041	1.0708
2.19	28.3216	0.1106	-0.2244	1.4964
2.2	28.5721	0.1107	-0.4987	2.133
2.21	28.8233	0.1106	-0.7504	2.7402
2.22	29.0753	0.1106	-0.6091	1.9828
2.23	29.328	0.1105	-0.6836	1.334
2.24	29.5815	0.1105	-0.6098	0.9623
2.25	29.8357	0.1103	-0.7209	0.9689
2.26	30.0906	0.1102	-0.7378	1.1059
2.27	30.3463	0.11	-0.7619	1.0291
2.28	30.6027	0.1098	-0.8479	1.194
2.29	30.8598	0.1096	-0.8224	1.1184
2.3	31.1176	0.1093	-0.754	0.7123
2.31	31.3761	0.1091	-0.641	0.2226
2.32	31.6354	0.1087	-0.4453	-0.4527
2.33	31.8953	0.1084	-0.4707	-0.4381
2.34	32.156	0.108	-0.4688	-0.0582
2.35	32.4173	0.1077	-0.4821	0.1607
2.36	32.6794	0.1073	-0.1394	-0.7392
2.37	32.9421	0.1069	-0.0972	-1.2274
2.38	33.2055	0.1065	0.1659	-1.599
2.39	33.4695	0.1061	0.2129	-1.7214
2.4	33.7343	0.1057	0.4367	-1.9125
2.41	33.9997	0.1053	0.5846	-2.2438
2.42	34.2658	0.105	0.5189	-1.7103
2.43	34.5325	0.1047	0.5562	-1.2463
2.44	34.7999	0.1044	0.7025	-1.5168
2.45	35.068	0.1041	0.5342	-1.0136
2.46	35.3367	0.1038	0.5938	-0.6992
2.47	35.606	0.1036	0.4688	-0.4375
2.48	35.876	0.1034	0.2927	0.2919
2.49	36.1466	0.1032	0.1835	0.7012
2.5	36.4179	0.103	0.3119	0.1437
2.51	36.6897	0.1028	0.3773	-0.5291
2.52	36.9622	0.1026	0.15	0.0444
2.53	37.2353	0.1025	-0.0805	1.0749
2.54	37.5091	0.1023	-0.201	1.4623
2.55	37.7834	0.1021	-0.2711	1.3725
2.56	38.0583	0.1019	-0.2673	1.0247
2.57	38.3338	0.1017	-0.0884	0.1416
2.58	38.61	0.1015	-0.2857	0.3186
2.59	38.8867	0.1013	-0.1289	0.1947
2.6	39.1639	0.1011	0.0001	-0.5675
2.61	39.4418	0.1009	-0.1476	-0.191
2.62	39.7202	0.1007	-0.2731	0.5816
2.63	39.9992	0.1004	-0.2668	0.6562
2.64	40.2788	0.1002	-0.0776	-0.1135
2.65	40.5589	0.1	-0.0988	-0.386
2.66	40.8396	0.0997	-0.0657	-0.2829
2.67	41.1208	0.0995	-0.0481	-0.2961
2.68	41.4025	0.0992	0.0558	-0.5393
2.69	41.6848	0.099	-0.0752	-0.195
2.7	41.9676	0.0987	-0.0578	0.0893
2.71	42.251	0.0985	-0.1479	0.2785
2.72	42.5348	0.0982	0.0267	-0.1505
2.73	42.8192	0.0979	0.2087	-1.0298
2.74	43.1041	0.0977	0.1411	-0.8969
2.75	43.3895	0.0974	0.278	-0.9048
2.76	43.6754	0.0972	0.0801	-0.3695
2.77	43.9618	0.097	-0.138	0.7615
2.78	44.2487	0.0967	-0.0401	0.6206
2.79	44.536	0.0965	-0.2549	0.8025
2.8	44.8239	0.0962	-0.138	0.6289
2.81	45.1122	0.096	-0.1594	0.2295
2.82	45.4011	0.0957	0.0142	-0.3098
2.83	45.6904	0.0955	-0.0989	-0.2331
2.84	45.9802	0.0952	-0.2782	0.6307
2.85	46.2704	0.0949	-0.2067	0.6014
2.86	46.5612	0.0946	-0.4016	0.8529
2.87	46.8524	0.0943	-0.5458	1.4638
2.88	47.1441	0.094	-0.635	1.623
2.89	47.4362	0.0937	-0.7748	1.7969
2.9	47.7289	0.0933	-0.8298	1.8055
2.91	48.022	0.0929	-0.8814	1.6544
2.92	48.3155	0.0925	-0.9308	1.5727
2.93	48.6095	0.092	-0.8887	1.2661
2.94	48.904	0.0915	-0.6371	0.2549
2.95	49.1989	0.091	-0.568	-0.3235
2.96	49.4943	0.0904	-0.5977	-0.0357
2.97	49.7902	0.0899	-0.5169	0.0157
2.98	50.0865	0.0893	-0.5295	0.0739
2.99	50.3832	0.0887	-0.5103	0.2064
3.0	50.6804	0.088	-0.3575	-0.1853
3.01	50.9781	0.0874	-0.0253	-1.2868
3.02	51.2762	0.0867	0.0458	-1.657
3.03	51.5747	0.0861	0.3036	-1.9454
3.04	51.8737	0.0855	0.4316	-2.2068
3.05	52.1731	0.0849	0.4758	-1.905
3.06	52.473	0.0843	0.6219	-1.8803
3.07	52.7733	0.0837	0.5674	-1.5275
3.08	53.074	0.0831	0.4497	-0.7038
3.09	53.3752	0.0826	0.5896	-0.8095
3.1	53.6768	0.0821	0.5055	-0.7733
3.11	53.9788	0.0816	0.6837	-1.0575
3.12	54.2812	0.0811	0.6281	-1.124
3.13	54.5841	0.0807	0.4416	-0.2822
3.14	54.8874	0.0803	0.2801	0.4842
3.15	55.1911	0.0798	0.345	0.2794
3.16	55.4953	0.0794	0.2323	0.2095
3.17	55.7998	0.079	0.1672	0.4251
3.18	56.1048	0.0787	0.193	0.2126
3.19	56.4101	0.0783	0.1841	-0.0034
3.2	56.7159	0.0779	0.1126	0.1275
3.21	57.0221	0.0775	0.0419	0.3572
3.22	57.3286	0.0772	0.0649	0.2409
3.23	57.6356	0.0768	0.1023	-0.0687
3.24	57.9429	0.0764	0.1796	-0.4183
3.25	58.2507	0.0761	-0.0425	0.1589
3.26	58.5588	0.0757	-0.075	0.6247
3.27	58.8672	0.0754	-0.2703	1.0267
3.28	59.1761	0.075	-0.1209	0.6383
3.29	59.4853	0.0746	-0.0221	-0.1924
3.3	59.7949	0.0742	-0.1729	0.1198
3.31	60.1049	0.0739	-0.3003	0.797
3.32	60.4152	0.0735	-0.4708	1.3375
3.33	60.7258	0.0731	-0.4144	1.1367
3.34	61.0368	0.0726	-0.5654	1.1622
3.35	61.3482	0.0722	-0.5436	1.1358
3.36	61.6599	0.0717	-0.3762	0.3298
3.37	61.972	0.0712	-0.168	-0.6341
3.38	62.2844	0.0707	-0.2331	-0.5578
3.39	62.5971	0.0703	-0.3202	0.1271
3.4	62.9101	0.0697	-0.445	0.7307
3.41	63.2233	0.0692	-0.5825	1.2575
3.42	63.5363	0.0687	-0.5248	1.0697
3.43	63.8487	0.0681	-0.624	1.0147
3.44	64.1601	0.0676	-0.5129	0.7054
3.45	64.4702	0.067	-0.2835	-0.2993
3.46	64.7787	0.0664	-0.2046	0
3.47	65.0854	0.0659	-0.0462	0
3.48	65.3903	0.0653	-0.0706	0
3.49	65.6934	0.0648	-0.1162	0
3.5	65.9947	0.0642	-0.0657	0
3.51	66.2941	0.0636	-0.1478	0
3.52	66.5918	0.0631	-0.1784	0
3.53	66.8876	0.0625	-0.1482	0
3.54	67.1817	0.0619	0.0639	0
3.55	67.474	0.0614	0.3052	0
3.56	67.7646	0.0608	0.2921	0
3.57	68.0534	0.0602	0.4857	0
3.58	68.3404	0.0597	0.4935	0
3.59	68.6258	0.0591	0.5016	0
3.6	68.9094	0.0585	0.6237	0
3.61	69.1913	0.058	0.5224	0
3.62	69.4714	0.0574	0.4977	0
3.63	69.7499	0.0568	0.4914	0
3.64	70.0267	0.0563	0.7437	0
3.65	70.3019	0.0557	0.7448	0
3.66	70.5753	0.0552	0.8841	0
3.67	70.8471	0.0546	1.0151	0
3.68	71.1172	0.054	1.184	0
3.69	71.3857	0.0535	1.4024	0
3.7	71.6526	0.0529	1.4644	0
3.71	71.9178	0.0523	1.6627	0
3.72	72.1814	0.0518	1.8183	0
3.73	72.4433	0.0512	1.9363	0
3.74	72.7037	0.0506	1.9191	0
3.75	72.9625	0.0501	2.1351	0
3.76	73.2197	0.0495	2.1108	0
3.77	73.4753	0.0489	2.0856	0
3.78	73.7293	0.0484	2.1345	0
3.79	73.9817	0.0478	2.377	0
3.8	74.2326	0.0472	2.5766	0
3.81	74.482	0.0467	2.8216	0
3.82	74.7298	0.0461	2.7663	0
3.83	74.976	0.0456	2.8733	0
3.84	75.2207	0.045	2.9271	0
3.85	75.4639	0.0444	3.1015	0
3.86	75.7056	0.0439	3.1443	0
3.87	75.9457	0.0433	3.2505	0
3.88	76.1844	0.0427	3.3918	0
3.89	76.4215	0.0422	3.5765	0
3.9	76.6572	0.0416	3.6001	0
3.91	76.8913	0.041	3.8451	0
3.92	77.124	0.0405	4.1062	0
3.93	77.3552	0.0399	4.185	0
3.94	77.5849	0.0393	4.3437	0
3.95	77.8132	0.0388	4.3987	0
3.96	78.04	0.0382	4.5717	0
3.97	78.2654	0.0376	4.6721	0
3.98	78.4893	0.0371	4.664	0
3.99	78.7118	0.0365	4.7504	0
4.0	78.9329	0.036	4.756	0
4.01	79.1525	0.0354	4.7202	0
4.02	79.3707	0.0348	4.8246	0
4.03	79.5875	0.0343	4.864	0
4.04	79.8029	0.0337	4.8759	0
4.05	80.0168	0.0331	4.8914	0
4.06	80.2294	0.0326	4.8677	0
4.07	80.4406	0.032	5.0855	0
4.08	80.6504	0.0314	5.2181	0
4.09	80.8588	0.0309	5.3337	0
4.1	81.0658	0.0303	5.3913	0
4.11	81.2715	0.0297	5.3455	0
4.12	81.4758	0.0292	5.4488	0
4.13	81.6787	0.0286	5.404	0
4.14	81.8803	0.028	5.4395	0
4.15	82.0805	0.0275	5.4395	0
4.16	82.2794	0.0269	5.342	0
4.17	82.4769	0.0264	5.2663	0
4.18	82.6731	0.0258	5.2867	0
4.19	82.868	0.0252	5.5249	0
4.2	83.0615	0.0247	5.6333	0
4.21	83.2538	0.0241	5.5233	0
4.22	83.4446	0.0235	5.7685	0
4.23	83.6342	0.023	5.736	0
4.24	83.8225	0.0224	5.8302	0
4.25	84.0095	0.0218	5.9113	0
4.26	84.1951	0.0213	6.0582	0
4.27	84.3795	0.0207	6.3106	0
4.28	84.5626	0.0201	6.3884	0
4.29	84.7444	0.0196	6.3947	0
4.3	84.9249	0.019	6.2853	0
4.31	85.1041	0.0184	6.183	0
4.32	85.2821	0.0179	6.1399	0
4.33	85.4588	0.0173	6.3266	0
4.34	85.6342	0.0168	6.4103	0
4.35	85.8084	0.0162	6.4369	0
4.36	85.9813	0.0156	6.3834	0
4.37	86.1529	0.0151	6.5803	0
4.38	86.3233	0.0145	6.707	0
4.39	86.4925	0.0139	6.854	0
4.4	86.6604	0.0134	6.9803	0
4.41	86.827	0.0128	7.1419	0
4.42	86.9925	0.0122	7.3227	0
4.43	87.1567	0.0117	7.371	0
4.44	87.3196	0.0111	7.5524	0
4.45	87.4814	0.0105	7.7601	0
4.46	87.6419	0.01	7.9734	0
4.47	87.8012	0.0094	8.0625	0
4.48	87.9593	0.0088	8.2611	0
4.49	88.1162	0.0083	8.4387	0
4.5	88.2719	0.0077	8.6887	0
4.51	88.4264	0.0072	8.9551	0
4.52	88.5797	0.0066	8.8942	0
4.53	88.7318	0.006	9.0593	0
4.54	88.8827	0.0055	9.0545	0
4.55	89.0324	0.0049	9.1342	0
4.56	89.1809	0.0043	9.1161	0
4.57	89.3282	0.0038	9.0195	0
4.58	89.4744	0.0032	9.1465	0
4.59	89.6194	0.0026	9.2275	0
4.6	89.7632	0.0021	9.1273	0
4.61	89.9058	0.0015	9.3993	0
4.62	90.0473	0.0009	9.4964	0
4.63	90.1876	0.0004	9.5587	0
4.64	90.3267	-0.0002	9.6128	0
4.65	90.4647	-0.0008	9.5376	0
4.66	90.6015	-0.0013	9.6167	0
4.67	90.7372	-0.0019	9.6758	0
4.68	90.8717	-0.0024	9.8279	0
4.69	91.0051	-0.003	9.8121	0
4.7	91.1374	-0.0036	9.7404	0
4.71	91.2685	-0.0041	9.7603	0
4.72	91.3984	-0.0047	9.7685	0
4.73	91.5272	-0.0053	9.7559	0
4.74	91.6549	-0.0058	9.865	0
4.75	91.7815	-0.0064	9.9844	0
4.76	91.9069	-0.007	9.8779	0
4.77	92.0312	-0.0075	9.7757	0
4.78	92.1544	-0.0081	9.9419	0
4.79	92.2765	-0.0087	10.1851	0
4.8	92.3974	-0.0092	10.4139	0
4.81	92.5172	-0.0098	10.5306	0
4.82	92.636	-0.0104	10.6082	0
4.83	92.7536	-0.0109	10.6899	0
4.84	92.8701	-0.0115	10.7108	0
4.85	92.9855	-0.012	10.8878	0
4.86	93.0997	-0.0126	10.9122	0
4.87	93.2129	-0.0132	10.8281	0
4.88	93.325	-0.0137	10.9789	0
4.89	93.436	-0.0143	10.9425	0
4.9	93.5459	-0.0149	11.1889	0
4.91	93.6547	-0.0154	11.3919	0
4.92	93.7624	-0.016	11.514	0
4.93	93.8691	-0.0166	11.5712	0
4.94	93.9746	-0.0171	11.6548	0
4.95	94.0791	-0.0177	11.8406	0
4.96	94.1825	-0.0183	11.8455	0
4.97	94.2848	-0.0188	11.964	0
4.98	94.386	-0.0194	11.8739	0
4.99	94.4861	-0.02	12.0227	0
5.0	94.5852	-0.0205	12.0275	0
5.01	94.6832	-0.0211	12.2543	0
5.02	94.7801	-0.0216	12.4143	0
5.03	94.876	-0.0222	12.4198	0
5.04	94.9708	-0.0228	12.5693	0
5.05	95.0645	-0.0233	12.5605	0
5.06	95.1572	-0.0239	12.5147	0
5.07	95.2488	-0.0245	12.7451	0
5.08	95.3394	-0.025	12.8077	0
5.09	95.4289	-0.0256	12.8881	0
5.1	95.5173	-0.0262	12.9241	0
5.11	95.6047	-0.0267	12.9845	0
5.12	95.6911	-0.0273	12.8735	0
5.13	95.7764	-0.0279	12.8822	0
5.14	95.8606	-0.0284	13.1621	0
5.15	95.9438	-0.029	13.305	0
5.16	96.026	-0.0296	13.4592	0
5.17	96.1071	-0.0301	13.4789	0
5.18	96.1871	-0.0307	13.6346	0
5.19	96.2662	-0.0312	13.5228	0
5.2	96.3441	-0.0318	13.6581	0
5.21	96.4211	-0.0324	13.6747	0
5.22	96.497	-0.0329	13.905	0
5.23	96.5719	-0.0335	13.9832	0
5.24	96.6457	-0.0341	13.8894	0
5.25	96.7185	-0.0346	14.1412	0
5.26	96.7903	-0.0352	14.1455	0
5.27	96.8611	-0.0358	14.4097	0
5.28	96.9308	-0.0363	14.647	0
5.29	96.9995	-0.0369	14.6109	0
5.3	97.0672	-0.0375	14.8635	0
5.31	97.1338	-0.038	14.8508	0
5.32	97.1995	-0.0386	15.1098	0
5.33	97.2641	-0.0392	15.0542	0
5.34	97.3277	-0.0397	15.13	0
5.35	97.3903	-0.0403	15.2388	0
5.36	97.4518	-0.0408	15.4094	0
5.37	97.5124	-0.0414	15.322	0
5.38	97.5719	-0.042	15.3734	0
5.39	97.6304	-0.0425	15.3295	0
5.4	97.6879	-0.0431	15.5827	0
5.41	97.7444	-0.0437	15.5415	0
5.42	97.7998	-0.0442	15.7508	0
5.43	97.8543	-0.0448	15.746	0
5.44	97.9078	-0.0454	15.6479	0
5.45	97.9602	-0.0459	15.6499	0
5.46	98.0117	-0.0465	15.5878	0
5.47	98.0621	-0.0471	15.8403	0
5.48	98.1115	-0.0476	16.0828	0
5.49	98.1599	-0.0482	15.9651	0
5.5	98.2074	-0.0488	15.9033	0
5.51	98.2538	-0.0493	15.9231	0
5.52	98.2992	-0.0499	15.8814	0
5.53	98.3436	-0.0504	16.1472	0
5.54	98.3871	-0.051	16.0418	0
5.55	98.4295	-0.0516	16.1208	0
5.56	98.4709	-0.0521	16.352	0
5.57	98.5113	-0.0527	16.6033	0
5.58	98.5508	-0.0533	16.676	0
5.59	98.5892	-0.0538	16.7264	0
5.6	98.6266	-0.0544	16.6824	0
5.61	98.6631	-0.055	16.9149	0
5.62	98.6985	-0.0555	17.0305	0
5.63	98.733	-0.0561	16.9219	0
5.64	98.7665	-0.0567	17.0856	0
5.65	98.7989	-0.0572	17.0771	0
5.66	98.8304	-0.0578	17.2537	0
5.67	98.8609	-0.0584	17.2569	0
5.68	98.8904	-0.0589	17.5232	0
5.69	98.9189	-0.0595	17.5331	0
5.7	98.9464	-0.06	17.5008	0
5.71	98.973	-0.0606	17.4074	0
5.72	98.9985	-0.0612	17.3678	0
5.73	99.0231	-0.0617	17.638	0
5.74	99.0467	-0.0623	17.652	0
5.75	99.0693	-0.0629	17.5888	0
5.76	99.0909	-0.0634	17.8249	0
5.77	99.1115	-0.064	17.8115	0
5.78	99.1311	-0.0646	17.9802	0
5.79	99.1498	-0.0651	17.979	0
5.8	99.1674	-0.0657	18.1944	0
5.81	99.1841	-0.0663	18.1471	0
5.82	99.1998	-0.0668	18.1887	0
5.83	99.2145	-0.0674	18.4172	0
5.84	99.2282	-0.068	18.4702	0
5.85	99.241	-0.0685	18.6998	0
5.86	99.2527	-0.0691	18.7571	0
5.87	99.2635	-0.0696	18.8547	0
5.88	99.2733	-0.0702	18.8253	0
5.89	99.2821	-0.0708	19.1031	0
5.9	99.29	-0.0713	19.2761	0
5.91	99.2968	-0.0719	19.4806	0
5.92	99.3027	-0.0725	19.5155	0
5.93	99.3076	-0.073	19.5492	0
5.94	99.3115	-0.0736	19.5972	0
5.95	99.3144	-0.0742	19.8034	0
5.96	99.3163	-0.0747	20.0806	0
5.97	99.3173	-0.0753	20.2216	0
5.98	99.3173	-0.0759	20.203	0
5.99	99.3163	-0.0764	20.3166	0
6.0	99.3143	-0.077	20.2643	0
6.01	99.3113	-0.0776	20.1526	0
6.02	99.3074	-0.0781	20.3535	0
6.03	99.3025	-0.0787	20.6037	0
6.04	99.2966	-0.0792	20.8102	0
6.05	99.2897	-0.0798	21.0128	0
6.06	99.2818	-0.0804	21.2868	0
6.07	99.273	-0.0809	21.4618	0
6.08	99.2632	-0.0815	21.6326	0
6.09	99.2524	-0.0821	21.6711	0
6.1	99.2406	-0.0826	21.9244	0
6.11	99.2278	-0.0832	21.9857	0
6.12	99.2141	-0.0838	21.8687	0
6.13	99.1993	-0.0843	21.8423	0
6.14	99.1836	-0.0849	22.0335	0
6.15	99.1669	-0.0855	22.0479	0
6.16	99.1493	-0.086	22.2351	0
6.17	99.1306	-0.0866	22.331	0
6.18	99.111	-0.0871	22.2866	0
6.19	99.0904	-0.0877	22.4591	0
6.2	99.0689	-0.0883	22.4922	0
6.21	99.0463	-0.0888	22.7296	0
6.22	99.0228	-0.0894	22.8878	0
6.23	98.9983	-0.09	23.035	0
6.24	98.9728	-0.0905	22.9266	0
6.25	98.9463	-0.0911	23.1367	0
6.26	98.9189	-0.0917	23.1904	0
6.27	98.8905	-0.0922	23.1923	0
6.28	98.8611	-0.0928	23.2709	0
6.29	98.8308	-0.0934	23.5431	0
6.3	98.7994	-0.0939	23.427	0
6.31	98.7671	-0.0945	23.3984	0
6.32	98.7339	-0.0951	23.6201	0
6.33	98.6996	-0.0956	23.7555	0
6.34	98.6644	-0.0962	23.9156	0
6.35	98.6282	-0.0967	23.906	0
6.36	98.5911	-0.0973	23.8849	0
6.37	98.5529	-0.0979	23.8836	0
6.38	98.5138	-0.0984	23.9793	0
6.39	98.4738	-0.099	24.1942	0
6.4	98.4327	-0.0996	24.4652	0
6.41	98.3908	-0.1001	24.3976	0
6.42	98.3478	-0.1007	24.6546	0
6.43	98.3039	-0.1013	24.9157	0
6.44	98.259	-0.1018	24.9281	0
6.45	98.2131	-0.1024	25.0733	0
6.46	98.1663	-0.103	25.0585	0
6.47	98.1185	-0.1035	25.1573	0
6.48	98.0698	-0.1041	25.2255	0
6.49	98.0201	-0.1047	25.2648	0
6.5	97.9694	-0.1052	25.4617	0
6.51	97.9178	-0.1058	25.6618	0
6.52	97.8652	-0.1063	25.8788	0
6.53	97.8117	-0.1069	26.0668	0
6.54	97.7572	-0.1075	26.3174	0
6.55	97.7018	-0.108	26.4977	0
6.56	97.6454	-0.1086	26.6934	0
6.57	97.588	-0.1092	26.9004	0
6.58	97.5297	-0.1097	27.0048	0
6.59	97.4705	-0.1103	27.2825	0
6.6	97.4102	-0.1109	27.2638	0
6.61	97.3491	-0.1114	27.1719	0
6.62	97.287	-0.112	27.4037	0
6.63	97.2239	-0.1126	27.4823	0
6.64	97.1599	-0.1131	27.3661	0
6.65	97.095	-0.1137	27.4103	0
6.66	97.0291	-0.1143	27.3605	0
6.67	96.9623	-0.1148	27.5173	0
6.68	96.8945	-0.1154	27.6957	0
6.69	96.8258	-0.1159	27.8534	0
6.7	96.7561	-0.1165	28.048	0
6.71	96.6855	-0.1171	28.2485	0
6.72	96.614	-0.1176	28.3319	0
6.73	96.5416	-0.1182	28.2304	0
6.74	96.4682	-0.1188	28.4574	0
6.75	96.3938	-0.1193	28.5268	0
6.76	96.3186	-0.1199	28.6564	0
6.77	96.2424	-0.1205	28.8202	0
6.78	96.1652	-0.121	28.7711	0
6.79	96.0872	-0.1216	28.812	0
6.8	96.0082	-0.1222	29.0452	0
6.81	95.9283	-0.1227	28.9785	0
6.82	95.8475	-0.1233	29.207	0
6.83	95.7657	-0.1239	29.3706	0
6.84	95.683	-0.1244	29.4319	0
6.85	95.5994	-0.125	29.3188	0
6.86	95.5149	-0.1255	29.4488	0
6.87	95.4295	-0.1261	29.5802	0
6.88	95.3431	-0.1267	29.6424	0
6.89	95.2558	-0.1272	29.7144	0
6.9	95.1677	-0.1278	29.9271	0
6.91	95.0786	-0.1284	29.8774	0
6.92	94.9886	-0.1289	29.7673	0
6.93	94.8976	-0.1295	30.0385	0
6.94	94.8058	-0.1301	30.288	0
6.95	94.7131	-0.1306	30.4208	0
6.96	94.6194	-0.1312	30.6769	0
6.97	94.5249	-0.1318	30.5793	0
6.98	94.4295	-0.1323	30.7877	0
6.99	94.3331	-0.1329	30.7435	0
7.0	94.2359	-0.1335	30.8901	0
7.01	94.1377	-0.134	30.9771	0
7.02	94.0387	-0.1346	30.8945	0
7.03	93.9388	-0.1351	31.0827	0
7.04	93.838	-0.1357	31.2656	0
7.05	93.7362	-0.1363	31.2432	0
7.06	93.6336	-0.1368	31.1753	0
7.07	93.5302	-0.1374	31.4006	0
7.08	93.4258	-0.138	31.6734	0
7.09	93.3205	-0.1385	31.702	0
7.1	93.2144	-0.1391	31.8935	0
7.11	93.1074	-0.1397	32.0608	0
7.12	92.9995	-0.1402	32.1429	0
7.13	92.8907	-0.1408	32.3181	0
7.14	92.781	-0.1414	32.5695	0
7.15	92.6705	-0.1419	32.4776	0
7.16	92.5591	-0.1425	32.6231	0
7.17	92.4468	-0.1431	32.7917	0
7.18	92.3337	-0.1436	32.8573	0
7.19	92.2196	-0.1442	32.9488	0
7.2	92.1048	-0.1447	33.0617	0
7.21	91.989	-0.1453	33.0453	0
7.22	91.8724	-0.1459	33.2607	0
7.23	91.755	-0.1464	33.4654	0
7.24	91.6366	-0.147	33.5457	0
7.25	91.5175	-0.1476	33.4675	0
7.26	91.3974	-0.1481	33.6188	0
7.27	91.2765	-0.1487	33.708	0
7.28	91.1548	-0.1493	33.823	0
7.29	91.0322	-0.1498	33.7847	0
7.3	90.9088	-0.1504	33.9397	0
7.31	90.7845	-0.151	33.9981	0
7.32	90.6594	-0.1515	34.1935	0
7.33	90.5334	-0.1521	34.3626	0
7.34	90.4066	-0.1527	34.3573	0
7.35	90.2789	-0.1532	34.3746	0
7.36	90.1505	-0.1538	34.6449	0
7.37	90.0211	-0.1543	34.7656	0
7.38	89.891	-0.1549	34.8071	0
7.39	89.76	-0.1555	35.0463	0
7.4	89.6282	-0.156	35.3147	0
7.41	89.4956	-0.1566	35.3998	0
7.42	89.3621	-0.1572	35.5872	0
7.43	89.2278	-0.1577	35.5597	0
7.44	89.0927	-0.1583	35.5434	0
7.45	88.9568	-0.1589	35.6168	0
7.46	88.8201	-0.1594	35.8172	0
7.47	88.6825	-0.16	35.7289	0
7.48	88.5442	-0.1606	35.931	0
7.49	88.405	-0.1611	35.9439	0
7.5	88.265	-0.1617	35.9984	0
7.51	88.1242	-0.1623	36.1859	0
7.52	87.9826	-0.1628	36.1713	0
7.53	87.8402	-0.1634	36.4182	0
7.54	87.697	-0.1639	36.4248	0
7.55	87.553	-0.1645	36.6703	0
7.56	87.4083	-0.1651	36.8814	0
7.57	87.2627	-0.1656	37.0062	0
7.58	87.1163	-0.1662	36.9908	0
7.59	86.9691	-0.1668	37.201	0
7.6	86.8212	-0.1673	37.2939	0
7.61	86.6724	-0.1679	37.3129	0
7.62	86.5229	-0.1685	37.4358	0
7.63	86.3726	-0.169	37.4979	0
7.64	86.2215	-0.1696	37.5793	0
7.65	86.0696	-0.1702	37.4648	0
7.66	85.917	-0.1707	37.5015	0
7.67	85.7636	-0.1713	37.5939	0
7.68	85.6094	-0.1719	37.4812	0
7.69	85.4545	-0.1724	37.3839	0
7.7	85.2987	-0.173	37.6073	0
7.71	85.1422	-0.1735	37.8567	0
7.72	84.985	-0.1741	38.0347	0
7.73	84.827	-0.1747	38.1642	0
7.74	84.6682	-0.1752	38.3429	0
7.75	84.5087	-0.1758	38.2813	0
7.76	84.3484	-0.1764	38.3766	0
7.77	84.1874	-0.1769	38.6183	0
7.78	84.0256	-0.1775	38.8705	0
7.79	83.8631	-0.1781	38.868	0
7.8	83.6998	-0.1786	38.8557	0
7.81	83.5358	-0.1792	39.075	0
7.82	83.3711	-0.1798	39.3127	0
7.83	83.2056	-0.1803	39.1961	0
7.84	83.0393	-0.1809	39.0982	0
7.85	82.8724	-0.1815	39.0435	0
7.86	82.7047	-0.182	39.0298	0
7.87	82.5363	-0.1826	39.2052	0
7.88	82.3671	-0.1831	39.2019	0
7.89	82.1972	-0.1837	39.293	0
7.9	82.0266	-0.1843	39.4279	0
7.91	81.8553	-0.1848	39.6634	0
7.92	81.6833	-0.1854	39.7721	0
7.93	81.5105	-0.186	39.9184	0
7.94	81.337	-0.1865	40.0435	0
7.95	81.1628	-0.1871	40.1148	0
7.96	80.9879	-0.1877	40.2434	0
7.97	80.8123	-0.1882	40.1402	0
7.98	80.636	-0.1888	40.0876	0
7.99	80.459	-0.1894	39.9841	0
8.0	80.2813	-0.1899	40.1621	0
8.01	80.1029	-0.1905	40.199	0
8.02	79.9238	-0.1911	40.3322	0
8.03	79.744	-0.1916	40.3474	0
8.04	79.5635	-0.1922	40.3481	0
8.05	79.3823	-0.1927	40.3982	0
8.06	79.2004	-0.1933	40.5717	0
8.07	79.0179	-0.1939	40.8047	0
8.08	78.8346	-0.1944	40.7665	0
8.09	78.6507	-0.195	40.7538	0
8.1	78.4661	-0.1956	40.9524	0
8.11	78.2808	-0.1961	40.8698	0
8.12	78.0949	-0.1967	40.879	0
8.13	77.9083	-0.1973	40.8993	0
8.14	77.721	-0.1978	41.0672	0
8.15	77.533	-0.1984	41.144	0
8.16	77.3444	-0.199	41.1826	0
8.17	77.1551	-0.1995	41.0881	0
8.18	76.9652	-0.2001	40.9968	0
8.19	76.7746	-0.2007	41.1534	0
8.2	76.5833	-0.2012	41.4106	0
8.21	76.3914	-0.2018	41.4351	0
8.22	76.1988	-0.2023	41.6315	0
8.23	76.0056	-0.2029	41.6279	0
8.24	75.8117	-0.2035	41.5912	0
8.25	75.6172	-0.204	41.546	0
8.26	75.4221	-0.2046	41.563	0
8.27	75.2263	-0.2052	41.4479	0
8.28	75.0299	-0.2057	41.5706	0
8.29	74.8328	-0.2063	41.5017	0
8.3	74.6351	-0.2069	41.5487	0
8.31	74.4368	-0.2074	41.6536	0
8.32	74.2378	-0.208	41.7175	0
8.33	74.0382	-0.2086	41.6897	0
8.34	73.838	-0.2091	41.8558	0
8.35	73.6372	-0.2097	41.8278	0
8.36	73.4357	-0.2103	42.0116	0
8.37	73.2337	-0.2108	42.1467	0
8.38	73.031	-0.2114	42.0379	0
8.39	72.8277	-0.2119	42.0044	0
8.4	72.6238	-0.2125	42.2108	0
8.41	72.4193	-0.2131	42.1057	0
8.42	72.2141	-0.2136	42.2436	0
8.43	72.0084	-0.2142	42.5095	0
8.44	71.8021	-0.2148	42.5344	0
8.45	71.5952	-0.2153	42.8036	0
8.46	71.3876	-0.2159	43.0785	0
8.47	71.1795	-0.2165	43.2154	0
8.48	70.9708	-0.217	43.1085	0
8.49	70.7615	-0.2176	43.3527	0
8.5	70.5516	-0.2182	43.3677	0
8.51	70.3411	-0.2187	43.4585	0
8.52	70.13	-0.2193	43.5567	0
8.53	69.9184	-0.2199	43.7789	0
8.54	69.7062	-0.2204	43.6924	0
8.55	69.4934	-0.221	43.8542	0
8.56	69.28	-0.2215	43.9062	0
8.57	69.066	-0.2221	43.8739	0
8.58	68.8515	-0.2227	44.0951	0
8.59	68.6364	-0.2232	44.0051	0
8.6	68.4207	-0.2238	44.0917	0
8.61	68.2045	-0.2244	44.3454	0
8.62	67.9877	-0.2249	44.2439	0
8.63	67.7704	-0.2255	44.4293	0
8.64	67.5525	-0.2261	44.5802	0
8.65	67.334	-0.2266	44.7636	0
8.66	67.115	-0.2272	44.9797	0
8.67	66.8955	-0.2278	45.1473	0
8.68	66.6753	-0.2283	45.2538	0
8.69	66.4547	-0.2289	45.5132	0
8.7	66.2335	-0.2295	45.6457	0
8.71	66.0117	-0.23	45.9181	0
8.72	65.7894	-0.2306	46.1077	0
8.73	65.5666	-0.2311	46.3043	0
8.74	65.3433	-0.2317	46.3546	0
8.75	65.1194	-0.2323	46.5366	0
8.76	64.8949	-0.2328	46.6909	0
8.77	64.67	-0.2334	46.9245	0
8.78	64.4445	-0.234	47.0426	0
8.79	64.2185	-0.2345	47.009	0
8.8	63.992	-0.2351	47.113	0
8.81	63.7649	-0.2357	47.2226	0
8.82	63.5373	-0.2362	47.2247	0
8.83	63.3092	-0.2368	47.2597	0
8.84	63.0806	-0.2374	47.3513	0
8.85	62.8515	-0.2379	47.2357	0
8.86	62.6219	-0.2385	47.2718	0
8.87	62.3918	-0.239	47.2898	0
8.88	62.1611	-0.2396	47.2257	0
8.89	61.93	-0.2402	47.3236	0
8.9	61.6983	-0.2407	47.2784	0
8.91	61.4662	-0.2413	47.4113	0
8.92	61.2336	-0.2419	47.3348	0
8.93	61.0004	-0.2424	47.5029	0
8.94	60.7668	-0.243	47.5455	0
8.95	60.5327	-0.2436	47.7233	0
8.96	60.2981	-0.2441	47.619	0
8.97	60.063	-0.2447	47.6974	0
8.98	59.8274	-0.2453	47.7425	0
8.99	59.5913	-0.2458	47.8689	0
9.0	59.3548	-0.2464	48.0858	0
9.01	59.1177	-0.247	48.112	0
9.02	58.8802	-0.2475	48.1576	0
9.03	58.6422	-0.2481	48.0492	0
9.04	58.4038	-0.2486	48.2218	0
9.05	58.1649	-0.2492	48.1804	0
9.06	57.9255	-0.2498	48.3967	0
9.07	57.6856	-0.2503	48.4017	0
9.08	57.4453	-0.2509	48.6496	0
9.09	57.2045	-0.2515	48.6817	0
9.1	56.9632	-0.252	48.9245	0
9.11	56.7215	-0.2526	48.8442	0
9.12	56.4794	-0.2532	48.8153	0
9.13	56.2368	-0.2537	48.8649	0
9.14	55.9937	-0.2543	48.8258	0
9.15	55.7502	-0.2549	48.7888	0
9.16	55.5062	-0.2554	48.7796	0
9.17	55.2618	-0.256	48.784	0
9.18	55.0169	-0.2566	48.9415	0
9.19	54.7716	-0.2571	49.0796	0
9.2	54.5259	-0.2577	49.2931	0
9.21	54.2797	-0.2582	49.2083	0
9.22	54.0331	-0.2588	49.4689	0
9.23	53.786	-0.2594	49.5263	0
9.24	53.5385	-0.2599	49.5529	0
9.25	53.2906	-0.2605	49.5238	0
9.26	53.0422	-0.2611	49.6791	0
9.27	52.7935	-0.2616	49.6075	0
9.28	52.5443	-0.2622	49.8212	0
9.29	52.2946	-0.2628	49.9466	0
9.3	52.0446	-0.2633	49.9182	0
9.31	51.7941	-0.2639	50.1567	0
9.32	51.5432	-0.2645	50.334	0
9.33	51.2919	-0.265	50.2579	0
9.34	51.0402	-0.2656	50.4937	0
9.35	50.7881	-0.2662	50.75	0
9.36	50.5355	-0.2667	50.8133	0
9.37	50.2826	-0.2673	50.9404	0
9.38	50.0292	-0.2678	50.9245	0
9.39	49.7755	-0.2684	50.9645	0
9.4	49.5213	-0.269	50.919	0
9.41	49.2667	-0.2695	50.9013	0
9.42	49.0118	-0.2701	50.8121	0
9.43	48.7564	-0.2707	50.9747	0
9.44	48.5007	-0.2712	51.2285	0
9.45	48.2445	-0.2718	51.152	0
9.46	47.988	-0.2724	51.0942	0
9.47	47.731	-0.2729	51.058	0
9.48	47.4737	-0.2735	51.0977	0
9.49	47.216	-0.2741	51.0573	0
9.5	46.9579	-0.2746	51.0662	0
9.51	46.6995	-0.2752	51.2066	0
9.52	46.4406	-0.2758	51.372	0
9.53	46.1814	-0.2763	51.4805	0
9.54	45.9218	-0.2769	51.657	0
9.55	45.6618	-0.2774	51.9137	0
9.56	45.4014	-0.278	51.9661	0
9.57	45.1407	-0.2786	52.2232	0
9.58	44.8796	-0.2791	52.4376	0
9.59	44.6181	-0.2797	52.6359	0
9.6	44.3563	-0.2803	52.6483	0
9.61	44.0941	-0.2808	52.8154	0
9.62	43.8315	-0.2814	52.8907	0
9.63	43.5686	-0.282	52.8824	0
9.64	43.3053	-0.2825	52.8544	0
9.65	43.0416	-0.2831	52.8494	0
9.66	42.7776	-0.2837	52.8635	0
9.67	42.5133	-0.2842	52.8805	0
9.68	42.2486	-0.2848	53.0047	0
9.69	41.9835	-0.2854	53.2192	0
9.7	41.7181	-0.2859	53.3405	0
9.71	41.4523	-0.2865	53.258	0
9.72	41.1862	-0.287	53.4205	0
9.73	40.9198	-0.2876	53.3968	0
9.74	40.653	-0.2882	53.5943	0
9.75	40.3858	-0.2887	53.5478	0
9.76	40.1184	-0.2893	53.6597	0
9.77	39.8505	-0.2899	53.6643	0
9.78	39.5824	-0.2904	53.6485	0
9.79	39.3139	-0.291	53.7062	0
9.8	39.0451	-0.2916	53.9281	0
9.81	38.7759	-0.2921	54.1435	0
9.82	38.5064	-0.2927	54.0582	0
9.83	38.2366	-0.2933	54.1462	0
9.84	37.9665	-0.2938	54.0547	0
9.85	37.696	-0.2944	53.9503	0
9.86	37.4252	-0.295	53.8998	0
9.87	37.1541	-0.2955	53.8111	0
9.88	36.8827	-0.2961	53.7469	0
9.89	36.611	-0.2966	53.8691	0
9.9	36.3389	-0.2972	53.8657	0
9.91	36.0665	-0.2978	53.9369	0
9.92	35.7938	-0.2983	54.1821	0
9.93	35.5208	-0.2989	54.2463	0
9.94	35.2475	-0.2995	54.1798	0
9.95	34.9739	-0.3	54.1528	0
9.96	34.6999	-0.3006	54.1353	0
9.97	34.4257	-0.3012	54.3349	0
9.98	34.1511	-0.3017	54.511	0
9.99	33.8763	-0.3023	54.6724	0
10.0	33.6011	-0.3029	54.8343	0
10.01	33.3257	-0.3034	54.9644	0
10.02	33.0499	-0.304	55.1404	0
10.03	32.7739	-0.3046	55.1562	0
10.04	32.4975	-0.3051	55.3788	0
10.05	32.2209	-0.3057	55.4083	0
10.06	31.9439	-0.3062	55.4179	0
10.07	31.6667	-0.3068	55.5525	0
10.08	31.3892	-0.3074	55.7031	0
10.09	31.1114	-0.3079	55.7275	0
10.1	30.8333	-0.3085	55.6559	0
10.11	30.5549	-0.3091	55.6504	0
10.12	30.2762	-0.3096	55.7649	0
10.13	29.9973	-0.3102	55.9185	0
10.14	29.7181	-0.3108	56.063	0
10.15	29.4385	-0.3113	55.9838	0
10.16	29.1588	-0.3119	56.2164	0
10.17	28.8787	-0.3125	56.2585	0
10.18	28.5984	-0.313	56.2237	0
10.19	28.3177	-0.3136	56.4082	0
10.2	28.0368	-0.3142	56.6627	0
10.21	27.7557	-0.3147	56.8873	0
10.22	27.4743	-0.3153	56.902	0
10.23	27.1926	-0.3158	56.9742	0
10.24	26.9106	-0.3164	57.2046	0
10.25	26.6284	-0.317	57.3327	0
10.26	26.3459	-0.3175	57.5247	0
10.27	26.0631	-0.3181	57.722	0
10.28	25.7801	-0.3187	57.9984	0
10.29	25.4968	-0.3192	57.9141	0
10.3	25.2132	-0.3198	58.0411	0
10.31	24.9294	-0.3204	58.1458	0
10.32	24.6454	-0.3209	58.1079	0
10.33	24.3611	-0.3215	58.1439	0
10.34	24.0765	-0.3221	58.371	0
10.35	23.7917	-0.3226	58.4793	0
10.36	23.5066	-0.3232	58.6449	0
10.37	23.2213	-0.3238	58.84	0
10.38	22.9357	-0.3243	58.7409	0
10.39	22.6499	-0.3249	58.8507	0
10.4	22.3638	-0.3254	59.0372	0
10.41	22.0775	-0.326	59.1967	0
10.42	21.7909	-0.3266	59.1537	0
10.43	21.5041	-0.3271	59.2405	0
10.44	21.2171	-0.3277	59.2253	0
10.45	20.9298	-0.3283	59.2087	0
10.46	20.6423	-0.3288	59.2714	0
10.47	20.3545	-0.3294	59.4661	0
10.48	20.0665	-0.33	59.6686	0
10.49	19.7783	-0.3305	59.6795	0
10.5	19.4899	-0.3311	59.9237	0
10.51	19.2012	-0.3317	59.8914	0
10.52	18.9122	-0.3322	59.9096	0
10.53	18.6231	-0.3328	59.9414	0
10.54	18.3337	-0.3334	60.108	0
10.55	18.0441	-0.3339	60.0456	0
10.56	17.7542	-0.3345	60.2964	0
10.57	17.4642	-0.335	60.4609	0
10.58	17.1739	-0.3356	60.4212	0
10.59	16.8834	-0.3362	60.3388	0
10.6	16.5926	-0.3367	60.4912	0
10.61	16.3017	-0.3373	60.3985	0
10.62	16.0105	-0.3379	60.3716	0
10.63	15.7191	-0.3384	60.5487	0
10.64	15.4275	-0.339	60.7878	0
10.65	15.1357	-0.3396	60.9398	0
10.66	14.8436	-0.3401	60.9651	0
10.67	14.5514	-0.3407	61.1844	0
10.68	14.2589	-0.3413	61.306	0
10.69	13.9662	-0.3418	61.2288	0
10.7	13.6733	-0.3424	61.2563	0
10.71	13.3802	-0.343	61.4721	0
10.72	13.0869	-0.3435	61.7124	0
10.73	12.7934	-0.3441	61.7122	0
10.74	12.4997	-0.3446	61.901	0
10.75	12.2057	-0.3452	62.0098	0
10.76	11.9116	-0.3458	61.9788	0
10.77	11.6173	-0.3463	62.2401	0
10.78	11.3227	-0.3469	62.2877	0
10.79	11.028	-0.3475	62.4909	0
10.8	10.733	-0.348	62.7627	0
10.81	10.4379	-0.3486	62.8996	0
10.82	10.1426	-0.3492	62.8514	0
10.83	9.847	-0.3497	62.8997	0
10.84	9.5513	-0.3503	62.8166	0
10.85	9.2554	-0.3509	62.8822	0
10.86	8.9593	-0.3514	63.0672	0
10.87	8.663	-0.352	63.2325	0
10.88	8.3665	-0.3526	63.4337	0
10.89	8.0698	-0.3531	63.3753	0
10.9	7.7729	-0.3537	63.5038	0
10.91	7.4759	-0.3542	63.7799	0
10.92	7.1786	-0.3548	63.6625	0
10.93	6.8812	-0.3554	63.6339	0
10.94	6.5835	-0.3559	63.8788	0
10.95	6.2857	-0.3565	63.9484	0
10.96	5.9877	-0.3571	63.8512	0
10.97	5.6896	-0.3576	64.1049	0
10.98	5.3912	-0.3582	64.2778	0
10.99	5.0927	-0.3588	64.5471	0
11.0	4.794	-0.3593	64.7998	0
11.01	4.4951	-0.3599	65.0268	0
11.02	4.196	-0.3605	65.0019	0
11.03	3.8968	-0.361	65.1188	0
11.04	3.5973	-0.3616	65.2777	0
11.05	3.2978	-0.3622	65.4005	0
11.06	2.998	-0.3627	65.6229	0
11.07	2.698	-0.3633	65.8224	0
11.08	2.3979	-0.3638	66.0772	0
11.09	2.0976	-0.3644	66.1349	0
11.1	1.7972	-0.365	66.0795	0
11.11	1.4966	-0.3655	66.2396	0
11.12	1.1958	-0.3661	66.1982	0
11.13	0.8948	-0.3667	66.1095	0
11.14	0.5937	-0.3672	66.3522	0
11.15	0.2924	-0.3678	66.5777	0
11.16	-0.009	-0.3684	66.6111	0
